7.41279039825613 7.61162707627561
6.99791694762319 6.50366809444171
6.61311406813209 5.56346201320199
7.07112047425403 6.89030161650891
7.48662175066551 7.54010253912117
7.23843145667673 5.09035395818009
7.57125052838733 2.53661667265479
9.22949288025546 2.42030354254377
10.4944168185928 1.64339854806171
9.76284067763393 -2.51974795717748
8.207398919382 -6.74412414910922
7.65197101403968 -7.37046220963704
7.64383605579441 -6.54046190453503
6.90938683160794 -7.48865012283039
5.83235413706055 -8.88256284893738
5.0395943766105 -8.71420651795338
3.39205242253073 -8.65568027037489
0.0621193745182922 -9.95249774866326
-3.11021524442189 -10.1592015674644
-4.17056489553398 -8.12717786819844
-4.41229765336697 -6.80866844630065
-6.2476274837466 -7.2357515704639
-9.06425486058549 -5.53819257114405
-10.1840784027983 0.186202418697765
-8.79046941736692 5.96896775663906
-5.97057196778221 8.54614072687134
-2.01908200187389 9.61969027141278
3.15080273884845 10.1485113917535
7.78345958951397 7.16750336939026
9.59152188196741 0.162190976542636
8.74225229337289 -5.96190398610487
6.87269204617503 -8.10239276344425
4.04352727212825 -8.86594630173904
-0.486774425198415 -10.0712965196174
-5.46392458243826 -9.11345620449147
-8.70629454252149 -4.97431534377737
-10.1031838395399 -0.939624793511585
-10.4884091328996 1.69801087059495
-8.61841260812781 5.54679642937167
-2.87025199128713 9.9582379967746
4.68621955673693 9.51838364370891
9.49265672447122 2.76548381598537
9.48234567076939 -4.78952541466508
5.84936311843021 -8.84675189055782
-0.0313482616832683 -10.1218522496416
-6.58545217293566 -8.33778946351009
-9.89946670641669 -1.24524984199613
-6.37959979264565 7.83671070586079
1.97598645350394 10.4368612670118
8.73235381217621 4.18082600028098
9.77090919133663 -4.11936497975736
5.79829094338552 -8.65122670612699
-0.91026163553952 -9.65718436462932
-7.8061621922949 -7.19071030452327
-10.6035767555016 0.300101725834987
-5.90157961629567 8.83397286852383
3.50252304605206 10.0230082115016
9.93484770532727 2.42162826106036
8.57720774223424 -6.2631377040617
1.18447285646124 -9.68916067157185
-7.02109328201085 -7.6389568576349
-10.4973868895334 -1.12485270199488
-5.52403858631106 7.23580894946208
5.00360128612218 9.36103722981554
10.5082480389113 0.333369798214683
3.74595705210739 -9.93772735197129
-7.66680473767793 -7.12254164910431
-9.02187090193511 5.58333459039322
1.52534033102542 10.475687271048
9.86012314221705 1.27433292878813
5.27459824939545 -9.0698323936338
-5.95402802863443 -8.76586502526372
-10.5901642760594 -0.788911514469799
-4.61472047541895 6.56734878000511
5.1672893988837 9.00000089423625
9.7178745835601 4.27833121198792
4.65406933306336 -5.38019364709882
-5.67001377233647 -8.96489555645931
-9.56276243668228 0.487872639209451
-0.909270224037833 10.5702002631465
9.40174635791469 4.90981544883736
6.00626862045943 -8.72513672567364
-6.73043069432798 -8.21124690057454
-8.816950521735 5.89700956639745
3.51844745008678 10.0227050636422
9.87973365199015 -2.24085916279756
-0.854865568616449 -9.05963389887153
-10.5401254462365 1.20684666527317
-2.08327374748947 9.90458493359962
10.2234656662187 1.55251124924292
4.64308193253825 -9.33541861692954
-9.62151803678329 -4.49099549451345
-7.67847349786359 7.33985255140563
7.32681318937669 7.68303219236572
9.30469437006877 -0.983962406593784
-4.81951690669295 -3.69210171033613
-9.70221848832463 0.859223807656263
3.22444536857063 2.82445378328859
10.5712072936099 0.315552704203235
-0.900421343679677 -1.2549341004769
-10.4900106609446 -1.17373669280726
-0.900421343679649 -1.25493410047693
10.5712072936099 0.315552704203197
3.2244453685706 2.82445378328858
-9.70221848832463 0.859223807656283
-4.81951690669291 -3.6921017103361
9.3046943700688 -0.983962406593744
7.32681318937668 7.68303219236574
-7.67847349786361 7.33985255140561
-9.62151803678328 -4.49099549451347
4.64308193253826 -9.33541861692952
10.2234656662187 1.55251124924296
-2.08327374748952 9.90458493359962
-10.5401254462365 1.20684666527314
-0.854865568616406 -9.05963389887155
9.87973365199017 -2.24085916279754
3.51844745008675 10.0227050636422
-8.81695052173501 5.89700956639743
-6.73043069432796 -8.21124690057456
6.00626862045946 -8.72513672567362
9.40174635791467 4.90981544883738
-0.909270224037872 10.5702002631464
-9.5627624366823 0.48787263920943
-5.67001377233646 -8.96489555645932
4.65406933306338 -5.38019364709883
9.71787458356011 4.2783312119879
5.1672893988837 9.00000089423623
-4.61472047541896 6.5673487800051
-10.5901642760595 -0.788911514469799
-5.95402802863443 -8.76586502526372
5.27459824939545 -9.06983239363379
9.86012314221704 1.27433292878814
1.52534033102541 10.475687271048
-9.02187090193512 5.5833345903932
-7.66680473767793 -7.12254164910432
3.7459570521074 -9.93772735197128
10.5082480389113 0.333369798214699
5.00360128612218 9.36103722981553
-5.52403858631106 7.23580894946207
-10.4973868895334 -1.12485270199489
-7.02109328201084 -7.63895685763489
1.18447285646126 -9.68916067157183
8.57720774223425 -6.26313770406167
9.93484770532728 2.42162826106037
3.50252304605206 10.0230082115016
-5.90157961629567 8.83397286852383
-10.6035767555016 0.300101725834995
-7.80616219229491 -7.19071030452327
-0.910261635539538 -9.65718436462934
5.79829094338551 -8.65122670612702
9.77090919133663 -4.11936497975737
8.73235381217622 4.180826000281
1.97598645350395 10.4368612670118
-6.37959979264566 7.83671070586075
-9.89946670641669 -1.24524984199618
-6.58545217293565 -8.3377894635101
-0.0313482616832355 -10.1218522496415
5.84936311843024 -8.84675189055779
9.48234567076939 -4.78952541466507
9.49265672447119 2.76548381598537
4.68621955673692 9.51838364370891
-2.8702519912871 9.95823799677459
-8.61841260812777 5.54679642937166
-10.4884091328996 1.69801087059494
-10.1031838395399 -0.939624793511584
-8.70629454252151 -4.97431534377737
-5.46392458243825 -9.11345620449148
-0.486774425198404 -10.0712965196175
4.04352727212825 -8.86594630173905
6.87269204617503 -8.10239276344425
8.7422522933729 -5.96190398610485
9.59152188196741 0.162190976542663
7.78345958951397 7.16750336939027
3.15080273884845 10.1485113917535
-2.01908200187386 9.61969027141279
-5.97057196778218 8.54614072687135
-8.79046941736692 5.96896775663906
-10.1840784027983 0.186202418697735
-9.06425486058548 -5.53819257114408
-6.24762748374656 -7.23575157046391
-4.41229765336694 -6.80866844630064
-4.17056489553399 -8.12717786819844
-3.1102152444219 -10.1592015674644
0.0621193745182902 -9.95249774866324
3.39205242253072 -8.65568027037486
5.0395943766105 -8.71420651795336
5.83235413706055 -8.88256284893738
6.90938683160795 -7.48865012283039
7.64383605579442 -6.54046190453503
7.65197101403967 -7.37046220963706
8.20739891938197 -6.74412414910925
9.76284067763391 -2.51974795717752
10.4944168185928 1.64339854806169
9.22949288025547 2.4203035425438
7.57125052838735 2.53661667265484
7.23843145667674 5.09035395818012
7.48662175066552 7.54010253912116
7.07112047425405 6.89030161650888
6.61311406813212 5.56346201320198
6.99791694762321 6.50366809444171
