7.66204819778023 1.3063314934757
7.21287942361167 1.89626651213647
6.10690986419234 3.37946891232265
4.92975900413554 5.05259727477106
4.27533546727545 6.17673890153114
4.40917061663263 6.36882257314519
5.12672557235379 5.78459276771286
5.88784046303846 4.99426336817186
6.14669271551659 4.62706205687814
5.6826276292237 4.991202845944
4.73757989164148 5.88731052883367
3.87975253871485 6.72017166621655
3.67343119816687 6.84145450821339
4.34728077373052 5.92379950655362
5.65286284473001 4.15009423163052
6.99289409307581 2.10972677632029
7.7417811291262 0.463438007410119
7.57153817458452 -0.428021996589866
6.59757797856993 -0.695826516035083
5.26835888847963 -0.864331994492687
4.07421264283571 -1.51912826572972
3.25399218489489 -2.9349968886996
2.67345224598787 -4.88109854515645
1.94152602653058 -6.71929620278812
0.686074448474835 -7.74271438407914
-1.18363710815695 -7.5625752830038
-3.38882840660761 -6.32221918863329
-5.41963100075537 -4.61508814020558
-6.81322448888345 -3.15241829969807
-7.40044112596838 -2.36960470366233
-7.37060908890055 -2.1954810400591
-7.11728324865044 -2.11575439956287
-6.96281722240182 -1.49375921171683
-6.93452834610899 0.0352065035018025
-6.73362808690769 2.3213539247007
-5.91936409410734 4.74781491741054
-4.19768076953935 6.54023330579551
-1.63805749691153 7.16160800331279
1.31511563790151 6.56863068350004
4.0448622461092 5.1879385284242
6.05479300170934 3.63421029344787
7.17495356104702 2.34218281397654
7.55813179733504 1.33420535483192
7.47833235377385 0.264436997449516
7.0720538990909 -1.28406428255307
6.20472864945273 -3.42722586583198
4.56906990298614 -5.76391296092524
1.97171562918294 -7.46610814395313
-1.36887044940599 -7.65373519882833
-4.7208719141528 -5.86615491188114
-7.04270148827988 -2.37613009599804
-7.42393440743797 1.83437443827991
-5.54427766612272 5.44227858511288
-1.89786253911136 7.32028536855927
2.35796261297779 6.97998799319662
5.87117620832874 4.71168328011788
7.64890019515888 1.37434717665656
7.41698024824081 -2.02921187977975
5.61485144469181 -4.75696359535018
3.05953537076832 -6.5110682721337
0.493829404659304 -7.34326764081471
-1.71461992098045 -7.39325239904605
-3.56522678216489 -6.66379037599565
-5.15249922162896 -5.0000755033178
-6.3488150628874 -2.29750156324974
-6.69465593681748 1.20176893617202
-5.61664556825487 4.74631084688831
-2.87053593301646 7.215558588706
1.07076268239691 7.56153808003317
4.97729264149211 5.35876277509213
7.28813204107916 1.16604578274337
6.84671852104955 -3.53981573501525
3.57273172745529 -6.89898620357692
-1.3229363015233 -7.46687269558113
-5.76664998302041 -4.90817739926988
-7.74387241086592 -0.234172196422692
-6.27883188799132 4.57154903266371
-1.96689626432196 7.40297768689687
3.24513534063689 6.98062964340713
6.95880553122969 3.45559744837281
7.47424957025261 -1.62823915675328
4.61666562475975 -6.01461578368725
-0.182390512101387 -7.75393166740267
-4.59394493289386 -6.09139281949644
-6.53201840209361 -1.81028422753181
-5.14875597136172 3.13119726864855
-1.19040362072084 6.50118481875391
3.44191761516327 6.81417099381397
6.67180828703054 3.99711000325976
7.24723720343474 -0.602950200530546
5.25611924082285 -4.86525753944284
1.93321467618356 -6.88766107064718
-1.08317038765061 -5.86017238512198
-2.60980343661269 -2.41666979409651
-2.4319273477908 1.69043685142836
-1.23651507801056 4.43127489998207
-0.0688911196441242 4.4566950829549
0.32765149012808 1.72561859569105
-0.104191888462471 -2.48743320799039
-0.825913412212235 -6.20233127185909
-1.16531873744787 -7.67103950670031
-0.825913412212248 -6.20233127185912
-0.104191888462497 -2.48743320799043
0.327651490128046 1.725618595691
-0.0688911196441613 4.45669508295486
-1.2365150780106 4.43127489998205
-2.43192734779083 1.69043685142836
-2.60980343661271 -2.41666979409651
-1.08317038765062 -5.86017238512198
1.93321467618355 -6.88766107064718
5.25611924082285 -4.86525753944286
7.24723720343475 -0.60295020053056
6.67180828703055 3.99711000325975
3.44191761516327 6.81417099381397
-1.19040362072083 6.50118481875393
-5.14875597136172 3.13119726864857
-6.53201840209361 -1.81028422753179
-4.59394493289386 -6.09139281949643
-0.182390512101382 -7.75393166740268
4.61666562475975 -6.01461578368726
7.47424957025262 -1.6282391567533
6.9588055312297 3.45559744837279
3.24513534063689 6.98062964340712
-1.96689626432195 7.40297768689687
-6.27883188799131 4.57154903266372
-7.74387241086592 -0.23417219642268
-5.76664998302042 -4.90817739926987
-1.32293630152331 -7.46687269558113
3.57273172745528 -6.89898620357693
6.84671852104954 -3.53981573501526
7.28813204107917 1.16604578274337
4.97729264149212 5.35876277509213
1.07076268239692 7.56153808003317
-2.87053593301645 7.215558588706
-5.61664556825486 4.74631084688831
-6.69465593681748 1.20176893617202
-6.34881506288741 -2.29750156324975
-5.15249922162898 -5.00007550331781
-3.56522678216491 -6.66379037599566
-1.71461992098047 -7.39325239904605
0.493829404659296 -7.34326764081471
3.05953537076831 -6.5110682721337
5.61485144469181 -4.75696359535018
7.41698024824081 -2.02921187977974
7.64890019515887 1.37434717665657
5.87117620832874 4.71168328011789
2.35796261297778 6.97998799319662
-1.89786253911136 7.32028536855927
-5.54427766612271 5.44227858511289
-7.42393440743797 1.83437443827992
-7.04270148827987 -2.37613009599804
-4.72087191415279 -5.86615491188114
-1.368870449406 -7.65373519882833
1.97171562918293 -7.46610814395313
4.56906990298612 -5.76391296092525
6.20472864945272 -3.427225865832
7.0720538990909 -1.2840642825531
7.47833235377385 0.264436997449485
7.55813179733505 1.33420535483189
7.17495356104703 2.34218281397651
6.05479300170935 3.63421029344784
4.04486224610921 5.18793852842419
1.31511563790152 6.56863068350003
-1.63805749691152 7.1616080033128
-4.19768076953934 6.54023330579552
-5.91936409410732 4.74781491741056
-6.73362808690768 2.32135392470072
-6.93452834610898 0.0352065035018181
-6.96281722240182 -1.49375921171681
-7.11728324865044 -2.11575439956285
-7.37060908890055 -2.19548104005908
-7.40044112596839 -2.36960470366231
-6.81322448888345 -3.15241829969804
-5.41963100075538 -4.61508814020555
-3.38882840660762 -6.32221918863327
-1.18363710815697 -7.56257528300379
0.686074448474809 -7.74271438407914
1.94152602653054 -6.71929620278814
2.67345224598783 -4.88109854515649
3.25399218489485 -2.93499688869964
4.07421264283568 -1.51912826572976
5.2683588884796 -0.864331994492731
6.59757797856992 -0.695826516035122
7.57153817458451 -0.428021996589893
7.7417811291262 0.463438007410098
6.99289409307581 2.10972677632028
5.65286284473001 4.15009423163052
4.34728077373052 5.92379950655362
3.67343119816688 6.84145450821339
3.87975253871485 6.72017166621655
4.73757989164148 5.88731052883367
5.68262762922369 4.991202845944
6.14669271551658 4.62706205687813
5.88784046303845 4.99426336817186
5.12672557235378 5.78459276771285
4.40917061663263 6.36882257314519
4.27533546727545 6.17673890153114
4.92975900413555 5.05259727477105
6.10690986419235 3.37946891232265
7.21287942361168 1.89626651213647
