0.67442 0.73834
0.70665 0.70681
0.67377 0.73893
0.80606 0.58995
0.7593 0.65072
0.76947 0.54366
0.8112 0.58472
0.888 0.45936
0.91329 0.40718
0.99788 0.063029
0.98866 0.14966
0.99988 0.0058575
0.99741 0.070308
0.9523 -0.30491
0.93202 -0.36185
0.74751 -0.66416
0.72697 -0.67214
0.46852 -0.8834
0.43448 -0.88623
0.005975 -0.99995
-0.16341 -0.98615
-0.45793 -0.88897
-0.62993 -0.74071
-0.8181 -0.57505
-0.86454 -0.24562
-0.99669 -0.081007
-0.92242 0.38173
-0.84425 0.53588
-0.40235 0.91505
-0.35157 0.93609
0.13367 0.99072
0.46148 0.88704
0.79084 0.61158
0.95512 0.29579
0.98468 -0.17284
0.74901 -0.66235
0.43824 -0.8986
0.015758 -0.99975
-0.43506 -0.90019
-0.75022 -0.66097
-0.98316 -0.18197
-0.98099 0.19285
-0.46035 0.88765
-0.24956 0.96704
0.43318 0.90123
0.75357 0.53094
0.99883 0.046784
0.87531 -0.4821
0.58015 -0.81439
-0.14932 -0.98724
-0.66164 -0.74961
-0.94139 -0.2275
-0.82672 0.56233
-0.45286 0.86676
0.18751 0.98211
0.82654 0.5618
0.99958 0.022862
0.55536 -0.8311
0.15777 -0.98726
-0.61112 -0.79104
-0.90637 -0.20045
-0.843 0.45559
-0.24668 0.96868
0.52272 0.85197
0.93965 0.34061
0.80451 -0.59312
0.17657 -0.95992
-0.70328 -0.71056
-0.99923 -0.03298
-0.77575 0.6306
0.11547 0.99304
0.87135 0.49008
0.97233 -0.23246
0.31663 -0.94831
-0.52463 -0.84468
-0.99473 -0.10003
-0.6114 0.78436
0.24312 0.96966
0.86201 0.50219
0.72195 -0.69148
0.11493 -0.99069
-0.85966 -0.51023
-0.80004 0.58381
-0.012719 0.99952
0.88662 0.4306
0.77894 -0.62663
-0.016234 -0.9983
-0.84172 -0.53931
-0.73128 0.65456
0.083091 0.99627
0.97651 0.21264
0.60964 -0.79223
-0.41709 -0.89431
-0.99726 -0.020386
-0.31861 0.94611
0.69035 0.71176
0.94508 -0.25901
-0.15135 -0.9881
-0.97045 -0.23878
-0.5842 0.81125
0.68058 0.7322
0.88409 -0.4667
-0.021426 -0.92152
-0.97329 -0.22794
-0.41553 0.90878
0.59629 0.6326
0.8388 -0.53761
-0.24676 -0.96843
-0.98866 0.14746
-0.20997 0.97653
0.93794 0.34527
0.38193 -0.92375
-0.80223 -0.59573
-0.80409 0.58898
0.58934 0.80676
0.87637 -0.47545
-0.28536 -0.95789
-0.99103 0.11927
0.25704 0.96597
0.99227 -0.12018
0.021088 -0.99954
-0.99087 -0.13076
-0.069872 0.99722
0.99885 0.03531
0.27565 -0.96086
-0.96895 -0.24535
-0.18739 0.94894
0.993 0.10924
0.1851 -0.91808
-0.9687 -0.24578
-0.036419 0.99845
0.99649 0.059107
-0.12185 -0.99228
-0.99426 0.099549
0.42535 0.90466
0.87784 -0.47701
-0.50076 -0.86526
-0.8221 0.56639
0.73118 0.68099
0.46674 -0.8839
-0.92197 -0.38379
-0.36617 0.88364
0.99513 0.092747
-0.24235 -0.96946
-0.90759 0.41909
0.65855 0.64201
0.63846 -0.76917
-0.95414 -0.29833
-0.012598 0.99959
0.96507 -0.26042
-0.47085 -0.82464
-0.75588 0.65367
0.92267 0.38405
0.092811 -0.99397
-0.91928 0.39228
0.48216 0.84922
0.64792 -0.75738
-0.98269 -0.18106
0.24163 0.96996
0.7639 -0.64446
-0.84651 -0.5301
-0.13785 0.98979
0.901 -0.43279
-0.76105 -0.64816
-0.060849 0.99732
0.88251 -0.46952
-0.67925 -0.73313
-0.28599 0.95442
0.97275 -0.23027
-0.70742 -0.70628
-0.14868 0.98721
0.91547 -0.39851
-0.84049 -0.53882
-0.17714 0.98379
0.92987 -0.36679
-0.91632 -0.39639
0.29566 0.95463
0.62067 -0.78322
-0.93649 0.060157
0.55246 0.83311
0.2705 -0.96202
-0.94173 0.33285
0.91944 0.39184
-0.35242 -0.93489
-0.46075 0.88709
0.94927 -0.19437
-0.85233 -0.5053
0.14789 0.98852
0.63254 -0.77371
-0.99167 0.12417
0.79817 0.60174
-0.28152 -0.95925
-0.50112 0.8645
0.88896 -0.45668
-0.85075 -0.29119
0.39599 0.91762
0.18537 -0.98224
-0.84765 0.52866
0.99486 0.096904
-0.80024 -0.59884
0.40425 0.91424
0.31518 -0.94862
-0.73324 0.65991
0.99599 0.014871
-0.83599 -0.5458
0.43393 0.8463
0.23112 -0.97181
-0.69051 0.71784
0.96451 -0.25874
-0.97436 -0.2236
0.83841 0.54436
-0.42296 -0.90568
0.0047531 0.99951
0.42882 -0.90288
-0.87473 0.48357
0.96465 -0.17027
-0.90766 -0.32456
0.62907 0.77683
-0.30051 -0.87823
-0.075682 0.94044
0.44265 -0.89549
-0.80306 0.59463
0.96828 -0.2483
-0.99903 0.013471
0.94665 0.32064
-0.7822 -0.62221
0.63326 0.77345
-0.37122 -0.92805
0.056187 0.99779
0.17156 -0.98431
-0.48792 0.8705
0.69598 -0.7173
-0.78968 0.61279
0.89818 -0.31517
-0.98826 0.14867
0.95263 0.036237
-0.95086 -0.30784
0.84205 0.43928
-0.86269 -0.50457
0.71121 0.7024
-0.46185 -0.83302
0.59588 0.80226
-0.35436 -0.93455
0.21456 0.97632
-0.29519 -0.95495
0.10544 0.90669
-0.023036 -0.99574
0.08888 0.99558
0.016067 -0.99959
-0.12729 0.99103
0.096942 -0.94615
-0.12729 0.99103
0.016067 -0.99959
0.08888 0.99558
-0.023036 -0.99574
0.10544 0.90669
-0.29519 -0.95495
0.21456 0.97632
-0.35436 -0.93455
0.59588 0.80226
-0.46185 -0.83302
0.71121 0.7024
-0.86269 -0.50457
0.84205 0.43928
-0.95086 -0.30784
0.95263 0.036237
-0.98826 0.14867
0.89818 -0.31517
-0.78968 0.61279
0.69598 -0.7173
-0.48792 0.8705
0.17156 -0.98431
0.056187 0.99779
-0.37122 -0.92805
0.63326 0.77345
-0.7822 -0.62221
0.94665 0.32064
-0.99903 0.013471
0.96828 -0.2483
-0.80306 0.59463
0.44265 -0.89549
-0.075682 0.94044
-0.30051 -0.87823
0.62907 0.77683
-0.90766 -0.32456
0.96465 -0.17027
-0.87473 0.48357
0.42882 -0.90288
0.0047531 0.99951
-0.42296 -0.90568
0.83841 0.54436
-0.97436 -0.2236
0.96451 -0.25874
-0.69051 0.71784
0.23112 -0.97181
0.43393 0.8463
-0.83599 -0.5458
0.99599 0.014871
-0.73324 0.65991
0.31518 -0.94862
0.40425 0.91424
-0.80024 -0.59884
0.99486 0.096904
-0.84765 0.52866
0.18537 -0.98224
0.39599 0.91762
-0.85075 -0.29119
0.88896 -0.45668
-0.50112 0.8645
-0.28152 -0.95925
0.79817 0.60174
-0.99167 0.12417
0.63254 -0.77371
0.14789 0.98852
-0.85233 -0.5053
0.94927 -0.19437
-0.46075 0.88709
-0.35242 -0.93489
0.91944 0.39184
-0.94173 0.33285
0.2705 -0.96202
0.55246 0.83311
-0.93649 0.060157
0.62067 -0.78322
0.29566 0.95463
-0.91632 -0.39639
0.92987 -0.36679
-0.17714 0.98379
-0.84049 -0.53882
0.91547 -0.39851
-0.14868 0.98721
-0.70742 -0.70628
0.97275 -0.23027
-0.28599 0.95442
-0.67925 -0.73313
0.88251 -0.46952
-0.060849 0.99732
-0.76105 -0.64816
0.901 -0.43279
-0.13785 0.98979
-0.84651 -0.5301
0.7639 -0.64446
0.24163 0.96996
-0.98269 -0.18106
0.64792 -0.75738
0.48216 0.84922
-0.91928 0.39228
0.092811 -0.99397
0.92267 0.38405
-0.75588 0.65367
-0.47085 -0.82464
0.96507 -0.26042
-0.012598 0.99959
-0.95414 -0.29833
0.63846 -0.76917
0.65855 0.64201
-0.90759 0.41909
-0.24235 -0.96946
0.99513 0.092747
-0.36617 0.88364
-0.92197 -0.38379
0.46674 -0.8839
0.73118 0.68099
-0.8221 0.56639
-0.50076 -0.86526
0.87784 -0.47701
0.42535 0.90466
-0.99426 0.099549
-0.12185 -0.99228
0.99649 0.059107
-0.036419 0.99845
-0.9687 -0.24578
0.1851 -0.91808
0.993 0.10924
-0.18739 0.94894
-0.96895 -0.24535
0.27565 -0.96086
0.99885 0.03531
-0.069872 0.99722
-0.99087 -0.13076
0.021088 -0.99954
0.99227 -0.12018
0.25704 0.96597
-0.99103 0.11927
-0.28536 -0.95789
0.87637 -0.47545
0.58934 0.80676
-0.80409 0.58898
-0.80223 -0.59573
0.38193 -0.92375
0.93794 0.34527
-0.20997 0.97653
-0.98866 0.14746
-0.24676 -0.96843
0.8388 -0.53761
0.59629 0.6326
-0.41553 0.90878
-0.97329 -0.22794
-0.021426 -0.92152
0.88409 -0.4667
0.68058 0.7322
-0.5842 0.81125
-0.97045 -0.23878
-0.15135 -0.9881
0.94508 -0.25901
0.69035 0.71176
-0.31861 0.94611
-0.99726 -0.020386
-0.41709 -0.89431
0.60964 -0.79223
0.97651 0.21264
0.083091 0.99627
-0.73128 0.65456
-0.84172 -0.53931
-0.016234 -0.9983
0.77894 -0.62663
0.88662 0.4306
-0.012719 0.99952
-0.80004 0.58381
-0.85966 -0.51023
0.11493 -0.99069
0.72195 -0.69148
0.86201 0.50219
0.24312 0.96966
-0.6114 0.78436
-0.99473 -0.10003
-0.52463 -0.84468
0.31663 -0.94831
0.97233 -0.23246
0.87135 0.49008
0.11547 0.99304
-0.77575 0.6306
-0.99923 -0.03298
-0.70328 -0.71056
0.17657 -0.95992
0.80451 -0.59312
0.93965 0.34061
0.52272 0.85197
-0.24668 0.96868
-0.843 0.45559
-0.90637 -0.20045
-0.61112 -0.79104
0.15777 -0.98726
0.55536 -0.8311
0.99958 0.022862
0.82654 0.5618
0.18751 0.98211
-0.45286 0.86676
-0.82672 0.56233
-0.94139 -0.2275
-0.66164 -0.74961
-0.14932 -0.98724
0.58015 -0.81439
0.87531 -0.4821
0.99883 0.046784
0.75357 0.53094
0.43318 0.90123
-0.24956 0.96704
-0.46035 0.88765
-0.98099 0.19285
-0.98316 -0.18197
-0.75022 -0.66097
-0.43506 -0.90019
0.015758 -0.99975
0.43824 -0.8986
0.74901 -0.66235
0.98468 -0.17284
0.95512 0.29579
0.79084 0.61158
0.46148 0.88704
0.13367 0.99072
-0.35157 0.93609
-0.40235 0.91505
-0.84425 0.53588
-0.92242 0.38173
-0.99669 -0.081007
-0.86454 -0.24562
-0.8181 -0.57505
-0.62993 -0.74071
-0.45793 -0.88897
-0.16341 -0.98615
0.005975 -0.99995
0.43448 -0.88623
0.46852 -0.8834
0.72697 -0.67214
0.74751 -0.66416
0.93202 -0.36185
0.9523 -0.30491
0.99741 0.070308
0.99988 0.0058575
0.98866 0.14966
0.99788 0.063029
0.91329 0.40718
0.888 0.45936
0.8112 0.58472
0.76947 0.54366
0.7593 0.65072
0.80606 0.58995
0.67377 0.73893
0.70665 0.70681
