7.20508292458952 14.2191509462265
7.27118411551725 14.303280326824
7.48373011970538 14.4772602312377
7.86175468502347 14.5653095469186
8.37657306583337 14.4315102583342
8.91368699267728 14.0984934903969
9.28750153240009 13.7596908220331
9.31481144104162 13.6654914632526
8.91290962986908 13.9488662364415
8.16616585468319 14.5030391279082
7.31648365202235 14.9998192968083
6.67326496987322 15.0535212855479
6.48446565760366 14.4419577888258
6.83458635002151 13.251630147746
7.62270602009063 11.8502006992287
8.63032843943033 10.6884221209127
9.63958395187515 10.0385813479059
10.5357292953378 9.82303593115006
11.3392833013242 9.64258066541383
12.1555319347169 9.00140756841339
13.0773230474881 7.60746029459564
14.10268344896 5.57445674694077
15.1172301444572 3.39951966949936
15.950377592585 1.71501293604335
16.4691861245131 0.945021877304765
16.651641115692 1.05893692258067
16.5950353107899 1.5676669110659
16.4557320444208 1.77514559589115
16.3585448696454 1.15279143259774
16.3314861061571 -0.369408439248836
16.3043700487599 -2.35996346982388
16.1690534744779 -4.11961640072132
15.8607601782428 -5.06503427830414
15.4080094758829 -5.04961561903705
14.9203240237958 -4.44167578198805
14.5239073569036 -3.91535514233427
14.2892273569455 -4.0710475367757
14.1988661027532 -5.09858522201378
14.1759426651039 -6.67276528979479
14.1510868150785 -8.13999508214366
14.117616293519 -8.89077303487203
14.1303680997883 -8.70831569431558
14.2418096483142 -7.89786341983106
14.4158598485578 -7.12549676901123
14.4837487369352 -7.05865017571958
14.1881509725021 -8.01018163304617
13.3087247736581 -9.78240549420553
11.8049575326619 -11.791582112287
9.88795349650805 -13.394457839791
7.96163642996762 -14.2275835963279
6.44451409101411 -14.3694686626809
5.55695049893042 -14.2431660113784
5.19099842682375 -14.3285493822478
4.9462286977588 -14.8609701586339
4.32884203391746 -15.6949499698021
3.01830518022881 -16.4090712856915
1.0593498084392 -16.5830651182534
-1.13215117483612 -16.0760848953351
-2.96521902133995 -15.1357746315503
-3.97701251644081 -14.2696047961574
-4.08483590730317 -13.952181845688
-3.64955068330686 -14.3406311651247
-3.31064193248599 -15.1667535966846
-3.67551219095694 -15.8716435788335
-5.02520619689751 -15.9065830622232
-7.19053988529312 -15.0267022274091
-9.65980954298473 -13.4081628259685
-11.8528539317845 -11.52277653996
-13.4067945940664 -9.84539622361984
-14.3166008280176 -8.56631943072442
-14.8598247262465 -7.47694877520417
-15.3601440221472 -6.09498313560093
-15.9368167361384 -3.95563320428493
-16.3934067083957 -0.899583145314736
-16.315341919832 2.80794184717858
-15.3204740047173 6.59286522230001
-13.3130439730986 9.85217062411689
-10.5850214156061 12.234772200143
-7.6950943126069 13.7646544526564
-5.18578894590404 14.7450791641115
-3.29769944495061 15.5137963591236
-1.84787116191959 16.2054756985273
-0.349739235897665 16.6680678491837
1.68580231263261 16.5813816544412
4.43586143810074 15.6991312316415
7.61886600840075 14.0575154709811
10.6067448556509 12.0120261784132
12.7419028634275 10.0690943317491
13.6868154177957 8.6072439341305
13.610844775508 7.65553423322538
13.1055577090012 6.86919293793729
12.86918204786 5.72781189315445
13.3295372357154 3.84743616976546
14.4103226785488 1.22486874701234
15.5675907218885 -1.73366190302819
16.074978780959 -4.42383028122082
15.4007075340069 -6.37700630991917
13.4719809247176 -7.52275464345379
10.6887627434125 -8.22281840192248
7.69032287048925 -9.04998176520958
5.01400019245123 -10.4350737768251
2.84001160114354 -12.3865486626217
0.959919656326272 -14.4501185321359
-1.0261260420065 -15.9397953297839
-3.40985573891267 -16.3139959921553
-6.15487225869222 -15.482842783643
-8.88668755621031 -13.8679054629246
-11.096879491664 -12.1751792162875
-12.4383368591277 -11.0066994784817
-12.9347725595835 -10.530688010212
-12.9779320955164 -10.398754682957
-13.1102471532091 -9.95809649412581
-13.7162867532936 -8.63710498575855
-14.800120810641 -6.28227905031877
-15.9765951012221 -3.25177248762768
-16.6813224900192 -0.21153222047573
-16.4785393328577 2.24682430282647
-15.290569867994 3.94184507742996
-13.4191855238792 5.19168636879191
-11.3502203704953 6.59869724886308
-9.4580821852073 8.64877334947844
-7.78396781217834 11.3568565050262
-6.01812503685982 14.1697211900875
-3.69812194279695 16.1946913723443
-0.510427254427179 16.6382981592207
3.47672737885138 15.2171414517344
7.78192708772276 12.3142494122768
11.6990523219931 8.79271107005903
14.6011568635295 5.56663695103333
16.1937231775872 3.16181509949466
16.5847829187344 1.50104180993561
16.1463842020192 0.0219223734420408
15.2592287279021 -1.94911954154382
14.09261789253 -4.78004895894975
12.5425727683752 -8.30196327586558
10.3523764158241 -11.879551225395
7.33174812913015 -14.7273616904683
3.53695447269564 -16.2830729164376
-0.695816312854798 -16.4289880179115
-4.87827990990303 -15.452733032841
-8.57500417442811 -13.7952824725267
-11.5573018865857 -11.7554867631927
-13.8140746251416 -9.33574722673319
-15.4208516532877 -6.31794432824823
-16.3606289663053 -2.51249966433896
-16.4241296252173 1.98437898024716
-15.2706083218977 6.69521885321572
-12.6301333267583 10.8979438486427
-8.53453399950616 13.9221988229154
-3.43456676925768 15.433800614409
1.88413643445214 15.5408814977224
6.5636089832395 14.6618716334159
9.98940456880505 13.2392771052244
11.9995652920992 11.4769042679985
12.8804270110068 9.26390958041985
13.156342284159 6.33377292783487
13.2894717029776 2.55850410818012
13.4494263437627 -1.81214949193894
13.4673349708583 -6.13272496859252
12.9823257232777 -9.60338898144689
11.6823349354288 -11.6500036824391
9.49567836400688 -12.2275130334541
6.62857998039762 -11.8600233810896
3.44110308951256 -11.3718549277861
0.250617444574765 -11.4390665184678
-2.80900113542069 -12.2001411918162
-5.78436288052916 -13.1426139245193
-8.76096290784761 -13.3380925963849
-11.6773057441023 -11.9100908984215
-14.2198722249112 -8.49203245938399
-15.8779053306781 -3.43787801012338
-16.1415893371709 2.3178793625717
-14.7396803278401 7.66605902970866
-11.7853823749355 11.7727960488403
-7.748666162115 14.3409786622238
-3.27018116061823 15.5676562635159
1.08065752226321 15.8574272762509
4.9738927461471 15.4841283375811
8.33230137773313 14.4083300211788
11.2019910722868 12.3517016534026
13.5751527769067 9.06746430480593
15.2827042730455 4.62600671972341
16.0256274912058 -0.473071697990257
15.524267654743 -5.44372193184534
13.6900659915443 -9.53514293460801
10.7098852345491 -12.3448413510344
6.98765680961123 -13.9368750256837
2.97754169957572 -14.6937573958927
-0.988487802589081 -14.9907258135865
-4.77105561720967 -14.8912273852709
-8.34775742254468 -14.0555594904104
-11.6413171756518 -11.9322820056276
-14.3678094051951 -8.134360520774
-16.0179353033319 -2.78691935326126
-16.0102909995016 3.36048952102214
-13.9527729072709 9.13833190997518
-9.87737179340695 13.3847018037674
-4.31789770611802 15.3786171778434
1.82060494005071 15.0592936098077
7.542203167137 12.9320357494112
12.0540285490009 9.73477606283942
14.936552816976 6.06623042973485
16.1278965565166 2.18540695506363
15.7662219073162 -1.91981635440048
14.0093102763608 -6.26271224613596
10.9509124692273 -10.5751363393101
6.6811255446218 -14.2075295566242
1.43837397570063 -16.2957027586282
-4.26477403524469 -16.1168741061216
-9.65018909249787 -13.4408312645187
-13.8462065010068 -8.6793765959163
-16.1513323759398 -2.7495717760766
-16.2572857238528 3.27300506947774
-14.3166607851846 8.52065180162607
-10.8269120500808 12.5284526475817
-6.40584502201563 15.1781370863727
-1.59135696629871 16.4671551532757
3.22592314817937 16.2847340641491
7.72011204125621 14.3672715256612
11.4835007551849 10.4856422604169
13.9506814647815 4.75863705597246
14.4894327989293 -2.11320312738848
12.6478468309127 -8.87624014912087
8.43590676204276 -14.0596162921077
2.47353300978925 -16.4864991026394
-4.11002406054982 -15.7162457868227
-10.0129168362869 -12.1928614867089
-14.189288824694 -7.02091091267434
-16.166598664246 -1.48269747583214
-16.1004097081166 3.45719789655722
-14.5526981760331 7.41609208688902
-12.1268575691401 10.5169636703535
-9.16606072235226 13.0532418968356
-5.67867400801056 15.1144927853138
-1.51861676890604 16.4021760701069
3.30252132760079 16.3426225455918
8.37388489314759 14.4242076539822
12.8773227547734 10.5528793800391
15.8404652296429 5.21107609873898
16.5250155304608 -0.677286658239016
14.74238545549 -6.09993514705883
10.9265465653747 -10.3261358331878
5.92992203473533 -13.0882489997406
0.663087316447003 -14.4890005695052
-4.21783972255244 -14.7185169030888
-8.40991583424792 -13.7830412911426
-11.8181907642823 -11.4405507990125
-14.290196269801 -7.40873208336542
-15.4319673695518 -1.73357918372032
-14.661182854667 4.9117382592991
-11.5063991297532 11.2139494682413
-5.999348078811 15.5640683655306
1.07332630335775 16.6335052252987
8.23982327160564 13.9180835154685
13.7538527248243 7.98618407591392
16.1834658979106 0.307930880127623
14.9143663115964 -7.25279267087002
10.3414626988736 -13.0443297795926
3.67763813790178 -16.0654611197407
-3.50483662644316 -16.0823268842382
-9.76961430646346 -13.4516767519166
-14.1331993199507 -8.82213270494763
-16.1175658880822 -2.91263763651858
-15.6132852465327 3.52911446129811
-12.7228973768114 9.63823613889989
-7.72905964558418 14.3730331531281
-1.20785701181083 16.6363070738446
5.83196759267273 15.6082469781431
11.96359559254 11.1596232278764
15.6246034468151 4.11483061272099
15.621141314228 -3.83201458989516
11.6467433408566 -10.5855525677463
4.54877177518502 -14.3387158850046
-3.83569393763984 -14.18986725875
-11.2528935897467 -10.4127877301505
-15.7870271208836 -4.26767109396192
-16.4716224572258 2.53739071178026
-13.5005489513351 8.46467446187472
-7.98072528976162 12.5613759434053
-1.3913806115279 14.5227018733756
4.95967736502969 14.4598856569705
10.2293303983628 12.5841123541079
14.0006655226209 9.03587937521246
16.0347632775379 3.96648229478884
16.0493046454918 -2.20760642935634
13.7205521115171 -8.59035964732741
8.93785046658242 -13.8421123688701
2.14904361782431 -16.5347539256062
-5.45928268534408 -15.6966692287212
-12.1373120881071 -11.2805298534584
-16.0998110030036 -4.29644255912958
-16.1905252953637 3.48913052393675
-12.362663110172 10.1668096289932
-5.7249903663299 14.3269183266812
1.88432318691169 15.4382635266252
8.59422369513911 13.8174286606297
13.1324519665207 10.2637811643846
15.1051850858987 5.60429076328684
14.8392056508351 0.414428031617219
12.9415582099545 -4.95237030574824
9.87377617017278 -10.1021719939033
5.80180463948936 -14.3373976300943
0.792361457757527 -16.6357473811573
-4.80451675174414 -15.9679052638137
-10.080364539709 -11.8317108522268
-13.647724686883 -4.71734972375621
-14.1171841347199 3.78891629873663
-10.7687629105319 11.3928794633167
-4.06871034474857 15.854865894716
4.27382001766845 15.8089134515428
11.8002119692232 11.2778053121278
16.1619722037543 3.66075403421428
15.976753027625 -4.78486846895523
11.3113662354492 -11.7238496108865
3.60418452983949 -15.4528818184205
-4.89863346884685 -15.2858738478507
-11.915275090338 -11.548397356016
-15.7841052798589 -5.29836266542067
-15.7933559285723 2.02887040222111
-12.1674143233081 8.90210898328571
-5.84506881418365 13.8794609105079
1.78183567846642 15.7777948435003
9.08345701039888 13.9129068138789
14.3941007928945 8.39866189650791
16.2920236383439 0.362813704402746
13.9915510470805 -8.12285789367432
7.74620492866244 -14.5229652406019
-0.95556374352716 -16.6571246257263
-9.61716580485596 -13.5685576058332
-15.4402148628331 -6.05044437972094
-16.3191021851444 3.47175836573267
-11.72900795719 11.7388251271434
-3.08393457627763 15.8555326693407
6.66719462290046 14.396673445126
14.1022188856798 7.94560668702668
16.624039701072 -1.16672185453146
13.4428996979288 -9.7976139689622
5.82109361702953 -15.1841996227576
-3.50632643030337 -15.8828722728491
-11.4485527770335 -12.1013119539589
-15.7034280125096 -5.37313918059329
-15.450178308143 2.17928577274943
-11.3684647786065 8.60954788154744
-5.09853048747365 12.6256860028676
1.50592057590675 13.6849219711853
6.95698857804662 11.8301295430799
10.3463794104451 7.49466134203438
11.2502052526102 1.43589651362136
9.55302458146211 -5.21451343226327
5.41090282089365 -10.9478215013695
-0.59576549828105 -14.1072947659796
-7.27632059097954 -13.3968800405777
-12.8656935392348 -8.50199953688428
-15.4465165890278 -0.500300047822863
-13.6838847468411 8.24003791870643
-7.55492478766594 14.7652130694692
1.33604275755717 16.6289721946341
10.1249028268341 12.9225668009487
15.6859668582649 4.76160384577599
15.8741915209869 -5.03651148755577
10.4592092318798 -12.9903075941103
1.30495832829334 -16.282376497284
-8.31598855370703 -13.8181274321706
-14.9858754017932 -6.58216147202717
-16.4353073937941 2.81936630096366
-12.3250434759929 11.1885828662394
-4.23289798461168 15.8804230396877
5.06832597360555 15.6151322826128
12.6662595500978 10.7167189440692
16.4442172616354 2.8078813138403
15.5846729978234 -5.81024383469752
10.5820345018566 -12.821809109963
2.91639520308479 -16.4234732253869
-5.39472508941562 -15.6687441899658
-12.2269864020627 -10.6596321584822
-15.7476849436267 -2.59666835688676
-14.8256011684817 6.37223059403312
-9.43466963232795 13.5939184194095
-0.903703163789753 16.654103335155
8.21461583102048 14.2581402904579
14.8042257031319 6.90965576406351
16.2812359822189 -2.99102744299924
11.7371496582637 -11.8334378072848
2.58272495300441 -16.1285398375467
-7.73977682038359 -13.9876699445664
-15.0195927714957 -6.08076981822493
-16.0642939135877 4.44711292659935
-10.2177219670362 13.1844786447315
0.158146106960631 16.3325606359893
10.5752939312134 12.4299211406264
16.3718254590491 3.10242590225853
14.8572387139722 -7.57013921314028
6.62714535525994 -14.8394941708219
-4.62616760688609 -15.4329501249905
-13.7730570340136 -9.0625939187632
-16.619784652747 1.41886032889155
-11.8707571891391 11.3051864685301
-1.735439380031 16.1752263266855
9.11426977896455 13.8897608576827
15.7321880291579 5.52669387268597
15.1798640035829 -5.15646035252222
7.82427653269678 -13.4512329541439
-2.92818951823162 -15.7965680307327
-12.2772950233993 -11.2898913385467
-16.2269506618189 -1.96837326438816
-13.2961872942336 8.19081552786316
-5.00083386246819 15.0295822812752
5.00936811926311 15.9158976452527
12.6480421060683 10.6879475376745
15.0925250118419 1.52766792660597
11.7607684234615 -8.0592827161031
4.26427649179444 -14.6428043934523
-4.46890436811919 -16.0681192672967
-11.3948777962608 -12.0612089874937
-14.3584484141738 -4.14202604975586
-12.605934969475 4.9986791703711
-6.79680848518434 12.384098050895
1.31703142822571 15.6335216312329
9.36750306915287 13.6478895671407
14.9209682769193 6.96512143495217
16.0922918924389 -2.31362642654553
12.1687296488934 -11.0765536158873
4.05939816504806 -16.1692965514097
-5.70859057577096 -15.5382261631467
-13.6522925755472 -9.14466866291837
-16.5826325539254 0.78557771668528
-13.0104134267649 10.4274593997802
-4.04980585292129 15.8108032319199
6.74524556168585 14.5268794977857
14.7329397452448 6.92562492399796
16.2375875387526 -3.83293781995938
10.3680557072294 -13.033716270877
-0.348378596219939 -16.4984338390485
-10.9649960482194 -12.5730957756488
-16.3921402811424 -3.02734251873756
-13.8954254183165 7.65840291682445
-4.55480933284316 14.3697489316161
7.12876351618217 13.8419569437098
15.3800529246958 6.32483818093429
16.0297146743413 -4.45017017290408
8.67245356084084 -13.0574665297312
-3.04134426513395 -15.0784452335372
-13.194300926536 -9.36868125663033
-16.6025321601269 1.28652009030308
-11.4965599094254 11.5156213531375
-0.476897986235937 16.0676328456205
10.7884461305729 12.5181578933319
16.4804584678607 2.57121795842574
13.654051795928 -8.75256338258703
3.78575859681658 -15.6649004216002
-7.98268303250545 -14.6019033021193
-15.5244209146197 -6.10463837463073
-14.9319696355305 5.41551434412959
-6.5611474420143 13.9390589489894
5.16427933985777 14.972950121896
14.0849101011031 7.92348962786127
15.5429968928214 -3.55153782783754
8.81600181419905 -13.4241792081412
-2.53213976784003 -16.4481111536456
-12.5540264631001 -10.9337259376241
-16.0560768387738 0.323111130190674
-11.3069841354056 11.4702313753642
-0.89758125012542 16.6565952185364
9.67553933148887 13.1185955588594
14.9247557530426 2.66375994178863
12.2300901061173 -9.24728465344797
3.14495800164289 -16.3553738319718
-7.50151916989231 -14.899169482479
-14.1847401519095 -5.61278510656434
-13.5569470363645 6.64053783009846
-6.10593222187605 15.4185761472829
4.22572476061382 16.0957734367197
12.1936638646503 8.31082911659565
13.9930748213311 -3.83337113477736
9.14145681993221 -13.9309616131098
0.561529673141478 -16.6573558976276
-7.09872238536129 -10.5862906152211
-9.9551131589471 1.05437049187188
-6.8554927762367 12.0915669436032
0.166083733282168 16.6767896866248
7.10491665096297 12.383122102978
10.1531969240704 1.4864892303273
7.65123638470909 -10.2480614917494
0.836382946736816 -16.6286504534255
-6.91653681920343 -14.3189865118936
-11.8790835354172 -4.59694198748241
-11.8100012672105 7.34207446008585
-6.93489907448913 15.1605670913077
0.342119686907798 14.7510719308853
6.73398612993353 6.40827525472083
9.64538491896374 -5.35184256934635
8.24855814554775 -14.2214097305402
3.62417757039483 -15.4749641452132
-1.95989548714418 -8.48420068506126
-6.16557849234694 2.96720409402317
-7.53299279278273 12.7295925168245
-5.88997092118567 15.5919422421577
-2.18029994055798 10.0719292693423
2.0680984448239 -0.802290634785609
5.33481671817565 -11.1332895500642
6.55035859682092 -15.3334974219082
5.33481671817566 -11.1332895500642
2.06809844482392 -0.802290634785613
-2.18029994055796 10.0719292693423
-5.88997092118565 15.5919422421577
-7.53299279278271 12.7295925168245
-6.16557849234693 2.96720409402318
-1.95989548714417 -8.48420068506124
3.62417757039484 -15.4749641452131
8.24855814554777 -14.2214097305401
9.64538491896376 -5.35184256934633
6.73398612993354 6.40827525472085
0.342119686907806 14.7510719308853
-6.93489907448912 15.1605670913078
-11.8100012672105 7.34207446008586
-11.8790835354172 -4.59694198748239
-6.91653681920344 -14.3189865118936
0.836382946736808 -16.6286504534255
7.65123638470908 -10.2480614917493
10.1531969240704 1.48648923032731
7.10491665096296 12.383122102978
0.166083733282165 16.6767896866248
-6.85549277623669 12.0915669436032
-9.9551131589471 1.05437049187189
-7.09872238536128 -10.5862906152211
0.561529673141478 -16.6573558976276
9.14145681993222 -13.9309616131098
13.9930748213311 -3.83337113477735
12.1936638646503 8.31082911659565
4.22572476061383 16.0957734367197
-6.10593222187605 15.4185761472829
-13.5569470363645 6.64053783009846
-14.1847401519095 -5.61278510656435
-7.50151916989231 -14.899169482479
3.14495800164289 -16.3553738319718
12.2300901061173 -9.24728465344797
14.9247557530426 2.66375994178864
9.67553933148887 13.1185955588594
-0.89758125012543 16.6565952185364
-11.3069841354056 11.4702313753642
-16.0560768387738 0.323111130190647
-12.5540264631001 -10.9337259376241
-2.53213976784002 -16.4481111536457
8.81600181419906 -13.4241792081412
15.5429968928214 -3.55153782783757
14.0849101011031 7.92348962786126
5.16427933985775 14.972950121896
-6.5611474420143 13.9390589489894
-14.9319696355305 5.4155143441296
-15.5244209146197 -6.10463837463073
-7.98268303250545 -14.6019033021193
3.78575859681658 -15.6649004216002
13.654051795928 -8.75256338258704
16.4804584678607 2.57121795842574
10.7884461305729 12.5181578933319
-0.476897986235936 16.0676328456205
-11.4965599094254 11.5156213531375
-16.6025321601269 1.28652009030309
-13.194300926536 -9.36868125663031
-3.04134426513393 -15.0784452335372
8.67245356084086 -13.0574665297311
16.0297146743413 -4.45017017290406
15.3800529246958 6.32483818093429
7.12876351618217 13.8419569437098
-4.55480933284316 14.3697489316161
-13.8954254183165 7.65840291682445
-16.3921402811424 -3.02734251873756
-10.9649960482194 -12.5730957756488
-0.348378596219931 -16.4984338390485
10.3680557072294 -13.033716270877
16.2375875387526 -3.83293781995938
14.7329397452448 6.92562492399795
6.74524556168583 14.5268794977857
-4.04980585292131 15.8108032319199
-13.0104134267649 10.4274593997802
-16.5826325539254 0.785577716685266
-13.6522925755472 -9.14466866291837
-5.70859057577096 -15.5382261631467
4.05939816504807 -16.1692965514097
12.1687296488934 -11.0765536158873
16.0922918924389 -2.31362642654552
14.9209682769194 6.96512143495217
9.36750306915287 13.6478895671407
1.3170314282257 15.6335216312329
-6.79680848518436 12.384098050895
-12.605934969475 4.99867917037111
-14.3584484141738 -4.14202604975586
-11.3948777962608 -12.0612089874937
-4.46890436811918 -16.0681192672967
4.26427649179446 -14.6428043934523
11.7607684234616 -8.05928271610311
15.0925250118419 1.52766792660597
12.6480421060683 10.6879475376745
5.00936811926311 15.9158976452527
-5.0008338624682 15.0295822812752
-13.2961872942336 8.19081552786315
-16.2269506618189 -1.96837326438815
-12.2772950233993 -11.2898913385467
-2.92818951823162 -15.7965680307327
7.82427653269677 -13.4512329541439
15.1798640035829 -5.15646035252222
15.7321880291579 5.52669387268597
9.11426977896454 13.8897608576827
-1.73543938003101 16.1752263266855
-11.8707571891391 11.3051864685301
-16.619784652747 1.41886032889155
-13.7730570340136 -9.06259391876319
-4.62616760688607 -15.4329501249905
6.62714535525994 -14.8394941708219
14.8572387139723 -7.57013921314027
16.3718254590491 3.10242590225853
10.5752939312134 12.4299211406264
0.158146106960622 16.3325606359893
-10.2177219670363 13.1844786447314
-16.0642939135877 4.44711292659935
-15.0195927714957 -6.08076981822493
-7.73977682038359 -13.9876699445664
2.58272495300441 -16.1285398375467
11.7371496582637 -11.8334378072848
16.2812359822189 -2.99102744299924
14.8042257031319 6.90965576406352
8.2146158310205 14.2581402904579
-0.903703163789743 16.6541033351551
-9.43466963232794 13.5939184194095
-14.8256011684817 6.37223059403314
-15.7476849436267 -2.59666835688674
-12.2269864020627 -10.6596321584821
-5.39472508941561 -15.6687441899658
2.91639520308479 -16.4234732253869
10.5820345018566 -12.821809109963
15.5846729978234 -5.81024383469752
16.4442172616354 2.80788131384028
12.6662595500978 10.7167189440692
5.06832597360556 15.6151322826128
-4.23289798461168 15.8804230396877
-12.3250434759929 11.1885828662394
-16.4353073937941 2.81936630096366
-14.9858754017932 -6.58216147202717
-8.31598855370704 -13.8181274321706
1.30495832829334 -16.282376497284
10.4592092318798 -12.9903075941103
15.8741915209869 -5.03651148755578
15.6859668582649 4.76160384577599
10.1249028268341 12.9225668009487
1.33604275755718 16.6289721946341
-7.55492478766593 14.7652130694692
-13.6838847468411 8.24003791870643
-15.4465165890278 -0.500300047822857
-12.8656935392349 -8.50199953688428
-7.27632059097956 -13.3968800405777
-0.595765498281067 -14.1072947659796
5.41090282089363 -10.9478215013695
9.5530245814621 -5.21451343226328
11.2502052526102 1.43589651362134
10.3463794104451 7.49466134203436
6.95698857804661 11.8301295430799
1.50592057590674 13.6849219711853
-5.09853048747365 12.6256860028676
-11.3684647786065 8.60954788154746
-15.450178308143 2.17928577274946
-15.7034280125096 -5.37313918059326
-11.4485527770335 -12.1013119539589
-3.50632643030338 -15.882872272849
5.82109361702952 -15.1841996227576
13.4428996979288 -9.7976139689622
16.624039701072 -1.16672185453147
14.1022188856798 7.94560668702667
6.66719462290046 14.396673445126
-3.08393457627763 15.8555326693407
-11.72900795719 11.7388251271434
-16.3191021851444 3.47175836573268
-15.4402148628331 -6.05044437972093
-9.61716580485598 -13.5685576058332
-0.955563743527182 -16.6571246257263
7.74620492866243 -14.5229652406019
13.9915510470805 -8.12285789367431
16.2920236383439 0.362813704402743
14.3941007928945 8.39866189650791
9.0834570103989 13.9129068138789
1.78183567846645 15.7777948435003
-5.84506881418363 13.8794609105079
-12.1674143233081 8.90210898328569
-15.7933559285723 2.02887040222111
-15.7841052798589 -5.29836266542067
-11.915275090338 -11.548397356016
-4.89863346884688 -15.2858738478507
3.60418452983947 -15.4528818184205
11.3113662354492 -11.7238496108865
15.976753027625 -4.78486846895525
16.1619722037543 3.66075403421426
11.8002119692232 11.2778053121277
4.27382001766849 15.8089134515427
-4.06871034474853 15.854865894716
-10.7687629105318 11.3928794633167
-14.1171841347199 3.78891629873663
-13.647724686883 -4.71734972375622
-10.080364539709 -11.8317108522268
-4.80451675174417 -15.9679052638137
0.792361457757505 -16.6357473811573
5.80180463948933 -14.3373976300943
9.87377617017277 -10.1021719939033
12.9415582099545 -4.95237030574824
14.8392056508351 0.414428031617213
15.1051850858988 5.60429076328682
13.1324519665207 10.2637811643846
8.59422369513912 13.8174286606297
1.88432318691168 15.4382635266252
-5.7249903663299 14.3269183266812
-12.362663110172 10.1668096289932
-16.1905252953637 3.48913052393677
-16.0998110030036 -4.29644255912957
-12.1373120881071 -11.2805298534584
-5.4592826853441 -15.6966692287212
2.14904361782428 -16.5347539256062
8.93785046658239 -13.8421123688702
13.7205521115171 -8.59035964732742
16.0493046454918 -2.20760642935634
16.0347632775379 3.96648229478884
14.0006655226209 9.03587937521247
10.2293303983628 12.5841123541079
4.95967736502972 14.4598856569705
-1.39138061152786 14.5227018733756
-7.98072528976159 12.5613759434053
-13.5005489513351 8.46467446187473
-16.4716224572258 2.53739071178028
-15.7870271208836 -4.26767109396189
-11.2528935897467 -10.4127877301505
-3.83569393763988 -14.18986725875
4.54877177518499 -14.3387158850046
11.6467433408566 -10.5855525677463
15.621141314228 -3.83201458989517
15.6246034468151 4.11483061272097
11.96359559254 11.1596232278764
5.83196759267275 15.6082469781431
-1.20785701181081 16.6363070738446
-7.72905964558416 14.3730331531281
-12.7228973768114 9.63823613889992
-15.6132852465327 3.52911446129814
-16.1175658880822 -2.91263763651857
-14.1331993199507 -8.82213270494761
-9.76961430646346 -13.4516767519166
-3.50483662644316 -16.0823268842382
3.67763813790177 -16.0654611197407
10.3414626988736 -13.0443297795927
14.9143663115964 -7.25279267087004
16.1834658979106 0.307930880127599
13.7538527248243 7.9861840759139
8.23982327160563 13.9180835154685
1.07332630335776 16.6335052252987
-5.99934807881098 15.5640683655306
-11.5063991297532 11.2139494682413
-14.661182854667 4.91173825929912
-15.4319673695518 -1.73357918372029
-14.290196269801 -7.40873208336538
-11.8181907642823 -11.4405507990125
-8.40991583424794 -13.7830412911426
-4.21783972255247 -14.7185169030888
0.663087316446998 -14.4890005695052
5.92992203473533 -13.0882489997406
10.9265465653747 -10.3261358331878
14.74238545549 -6.09993514705883
16.5250155304608 -0.677286658239019
15.8404652296429 5.21107609873898
12.8773227547734 10.5528793800391
8.37388489314759 14.4242076539822
3.3025213276008 16.3426225455918
-1.51861676890601 16.4021760701069
-5.67867400801053 15.1144927853138
-9.16606072235223 13.0532418968356
-12.1268575691401 10.5169636703535
-14.5526981760331 7.41609208688902
-16.1004097081166 3.45719789655724
-16.166598664246 -1.48269747583212
-14.189288824694 -7.02091091267432
-10.0129168362869 -12.1928614867089
-4.11002406054984 -15.7162457868227
2.47353300978923 -16.4864991026394
8.43590676204273 -14.0596162921077
12.6478468309127 -8.8762401491209
14.4894327989293 -2.11320312738851
13.9506814647815 4.75863705597244
11.4835007551849 10.4856422604168
7.72011204125621 14.3672715256612
3.22592314817939 16.2847340641491
-1.59135696629869 16.4671551532757
-6.4058450220156 15.1781370863727
-10.8269120500808 12.5284526475817
-14.3166607851846 8.52065180162607
-16.2572857238528 3.27300506947773
-16.1513323759398 -2.7495717760766
-13.8462065010067 -8.67937659591631
-9.65018909249786 -13.4408312645187
-4.26477403524468 -16.1168741061216
1.43837397570063 -16.2957027586282
6.6811255446218 -14.2075295566242
10.9509124692273 -10.5751363393102
14.0093102763608 -6.26271224613599
15.7662219073162 -1.9198163544005
16.1278965565167 2.18540695506361
14.936552816976 6.06623042973485
12.0540285490009 9.73477606283942
7.542203167137 12.9320357494112
1.82060494005071 15.0592936098077
-4.31789770611801 15.3786171778434
-9.87737179340694 13.3847018037674
-13.9527729072709 9.13833190997518
-16.0102909995015 3.36048952102214
-16.0179353033319 -2.78691935326127
-14.3678094051951 -8.13436052077399
-11.6413171756518 -11.9322820056276
-8.3477574225447 -14.0555594904104
-4.77105561720968 -14.8912273852709
-0.988487802589104 -14.9907258135865
2.9775416995757 -14.6937573958927
6.98765680961122 -13.9368750256837
10.7098852345491 -12.3448413510344
13.6900659915442 -9.53514293460802
15.524267654743 -5.44372193184536
16.0256274912058 -0.473071697990267
15.2827042730455 4.62600671972339
13.5751527769067 9.06746430480591
11.2019910722868 12.3517016534026
8.33230137773316 14.4083300211788
4.97389274614712 15.4841283375811
1.08065752226323 15.8574272762509
-3.27018116061822 15.5676562635159
-7.74866616211498 14.3409786622238
-11.7853823749355 11.7727960488404
-14.7396803278401 7.66605902970868
-16.1415893371709 2.31787936257171
-15.8779053306781 -3.43787801012338
-14.2198722249112 -8.49203245938398
-11.6773057441023 -11.9100908984215
-8.76096290784762 -13.3380925963849
-5.78436288052917 -13.1426139245192
-2.80900113542069 -12.2001411918162
0.250617444574774 -11.4390665184677
3.44110308951258 -11.3718549277861
6.62857998039763 -11.8600233810896
9.49567836400689 -12.2275130334541
11.6823349354288 -11.6500036824391
12.9823257232777 -9.6033889814469
13.4673349708582 -6.13272496859254
13.4494263437627 -1.81214949193896
13.2894717029776 2.5585041081801
13.156342284159 6.33377292783484
12.8804270110068 9.26390958041983
11.9995652920992 11.4769042679985
9.98940456880507 13.2392771052244
6.56360898323952 14.6618716334159
1.88413643445216 15.5408814977224
-3.43456676925766 15.433800614409
-8.53453399950616 13.9221988229154
-12.6301333267583 10.8979438486427
-15.2706083218977 6.69521885321574
-16.4241296252173 1.98437898024717
-16.3606289663053 -2.51249966433894
-15.4208516532877 -6.31794432824821
-13.8140746251416 -9.33574722673317
-11.5573018865857 -11.7554867631927
-8.57500417442813 -13.7952824725266
-4.87827990990305 -15.452733032841
-0.695816312854814 -16.4289880179115
3.53695447269563 -16.2830729164376
7.33174812913014 -14.7273616904683
10.352376415824 -11.879551225395
12.5425727683752 -8.30196327586557
14.09261789253 -4.78004895894975
15.2592287279021 -1.94911954154382
16.1463842020192 0.0219223734420337
16.5847829187344 1.50104180993559
16.1937231775872 3.16181509949464
14.6011568635295 5.56663695103331
11.6990523219931 8.79271107005901
7.78192708772276 12.3142494122768
3.47672737885138 15.2171414517344
-0.510427254427178 16.6382981592207
-3.69812194279695 16.1946913723443
-6.01812503685982 14.1697211900875
-7.78396781217833 11.3568565050262
-9.45808218520728 8.64877334947843
-11.3502203704953 6.59869724886308
-13.4191855238792 5.19168636879191
-15.290569867994 3.94184507742996
-16.4785393328577 2.24682430282647
-16.6813224900192 -0.211532220475723
-15.9765951012221 -3.25177248762768
-14.800120810641 -6.28227905031878
-13.7162867532936 -8.63710498575857
-13.1102471532091 -9.95809649412583
-12.9779320955164 -10.398754682957
-12.9347725595835 -10.530688010212
-12.4383368591277 -11.0066994784817
-11.096879491664 -12.1751792162875
-8.88668755621031 -13.8679054629246
-6.15487225869222 -15.482842783643
-3.40985573891267 -16.3139959921553
-1.02612604200651 -15.9397953297839
0.959919656326272 -14.4501185321359
2.84001160114353 -12.3865486626217
5.01400019245123 -10.4350737768251
7.69032287048925 -9.04998176520959
10.6887627434125 -8.22281840192247
13.4719809247176 -7.52275464345377
15.4007075340069 -6.37700630991915
16.074978780959 -4.4238302812208
15.5675907218885 -1.73366190302817
14.4103226785488 1.22486874701233
13.3295372357154 3.84743616976545
12.86918204786 5.72781189315444
13.1055577090013 6.86919293793728
13.610844775508 7.65553423322537
13.6868154177957 8.60724393413049
12.7419028634275 10.0690943317491
10.6067448556509 12.0120261784133
7.61886600840074 14.0575154709811
4.43586143810072 15.6991312316415
1.68580231263259 16.5813816544412
-0.349739235897682 16.6680678491838
-1.8478711619196 16.2054756985273
-3.29769944495062 15.5137963591236
-5.18578894590404 14.7450791641115
-7.6950943126069 13.7646544526564
-10.5850214156061 12.234772200143
-13.3130439730986 9.85217062411689
-15.3204740047173 6.5928652223
-16.315341919832 2.80794184717856
-16.3934067083957 -0.899583145314754
-15.9368167361384 -3.95563320428495
-15.3601440221472 -6.09498313560094
-14.8598247262465 -7.47694877520418
-14.3166008280176 -8.56631943072443
-13.4067945940664 -9.84539622361985
-11.8528539317845 -11.52277653996
-9.65980954298472 -13.4081628259685
-7.19053988529311 -15.0267022274091
-5.02520619689749 -15.9065830622233
-3.67551219095693 -15.8716435788335
-3.31064193248598 -15.1667535966846
-3.64955068330686 -14.3406311651247
-4.08483590730316 -13.952181845688
-3.9770125164408 -14.2696047961574
-2.96521902133993 -15.1357746315503
-1.13215117483611 -16.0760848953351
1.05934980843922 -16.5830651182534
3.01830518022884 -16.4090712856915
4.32884203391748 -15.6949499698021
4.94622869775883 -14.8609701586339
5.19099842682377 -14.3285493822478
5.55695049893044 -14.2431660113784
6.44451409101413 -14.3694686626809
7.96163642996764 -14.2275835963279
9.88795349650807 -13.394457839791
11.8049575326619 -11.791582112287
13.3087247736582 -9.78240549420551
14.1881509725021 -8.01018163304615
14.4837487369352 -7.05865017571958
14.4158598485578 -7.12549676901122
14.2418096483142 -7.89786341983105
14.1303680997883 -8.70831569431556
14.1176162935191 -8.890773034872
14.1510868150785 -8.13999508214363
14.1759426651039 -6.67276528979476
14.1988661027532 -5.09858522201374
14.2892273569455 -4.07104753677567
14.5239073569036 -3.91535514233426
14.9203240237958 -4.44167578198804
15.4080094758829 -5.04961561903704
15.8607601782428 -5.06503427830413
16.1690534744779 -4.11961640072132
16.3043700487599 -2.35996346982388
16.3314861061571 -0.369408439248835
16.3585448696454 1.15279143259774
16.4557320444208 1.77514559589115
16.5950353107899 1.56766691106591
16.651641115692 1.05893692258068
16.4691861245131 0.945021877304772
15.950377592585 1.71501293604336
15.1172301444572 3.39951966949938
14.1026834489601 5.57445674694078
13.0773230474881 7.60746029459565
12.1555319347169 9.0014075684134
11.3392833013242 9.64258066541383
10.5357292953378 9.82303593115006
9.63958395187514 10.0385813479059
8.63032843943033 10.6884221209127
7.62270602009063 11.8502006992287
6.83458635002152 13.251630147746
6.48446565760366 14.4419577888258
6.67326496987321 15.0535212855479
7.31648365202233 14.9998192968083
8.16616585468316 14.5030391279082
8.91290962986905 13.9488662364416
9.3148114410416 13.6654914632527
9.28750153240007 13.7596908220331
8.91368699267727 14.0984934903969
8.37657306583337 14.4315102583342
7.86175468502347 14.5653095469186
7.48373011970539 14.4772602312377
7.27118411551725 14.303280326824
