3.3721 3.6917
3.5333 3.534
3.3689 3.6947
4.0303 2.9498
3.7965 3.2536
3.8473 2.7183
4.056 2.9236
4.44 2.2968
4.5665 2.0359
4.9894 0.31514
4.9433 0.74829
4.9994 0.029287
4.9871 0.35154
4.7615 -1.5246
4.6601 -1.8092
3.7375 -3.3208
3.6348 -3.3607
2.3426 -4.417
2.1724 -4.4312
0.029875 -4.9998
-0.81706 -4.9307
-2.2896 -4.4449
-3.1496 -3.7035
-4.0905 -2.8752
-4.3227 -1.2281
-4.9834 -0.40503
-4.6121 1.9086
-4.2212 2.6794
-2.0118 4.5752
-1.7579 4.6805
0.66833 4.9536
2.3074 4.4352
3.9542 3.0579
4.7756 1.4789
4.9234 -0.86418
3.7451 -3.3118
2.1912 -4.493
0.078788 -4.9988
-2.1753 -4.501
-3.7511 -3.3049
-4.9158 -0.90987
-4.905 0.96425
-2.3017 4.4382
-1.2478 4.8352
2.1659 4.5061
3.7679 2.6547
4.9942 0.23392
4.3766 -2.4105
2.9007 -4.072
-0.74661 -4.9362
-3.3082 -3.7481
-4.7069 -1.1375
-4.1336 2.8117
-2.2643 4.3338
0.93756 4.9106
4.1327 2.809
4.9979 0.11431
2.7768 -4.1555
0.78886 -4.9363
-3.0556 -3.9552
-4.5318 -1.0023
-4.215 2.2779
-1.2334 4.8434
2.6136 4.2598
4.6982 1.703
4.0225 -2.9656
0.88286 -4.7996
-3.5164 -3.5528
-4.9961 -0.1649
-3.8788 3.153
0.57734 4.9652
4.3567 2.4504
4.8617 -1.1623
1.5831 -4.7416
-2.6231 -4.2234
-4.9736 -0.50016
-3.057 3.9218
1.2156 4.8483
4.31 2.5109
3.6098 -3.4574
0.57466 -4.9535
-4.2983 -2.5511
-4.0002 2.9191
-0.063593 4.9976
4.4331 2.153
3.8947 -3.1331
-0.081172 -4.9915
-4.2086 -2.6965
-3.6564 3.2728
0.41545 4.9813
4.8825 1.0632
3.0482 -3.9611
-2.0855 -4.4715
-4.9863 -0.10193
-1.5931 4.7306
3.4518 3.5588
4.7254 -1.2951
-0.75676 -4.9405
-4.8522 -1.1939
-2.921 4.0562
3.4029 3.661
4.4204 -2.3335
-0.10713 -4.6076
-4.8664 -1.1397
-2.0777 4.5439
2.9815 3.163
4.194 -2.688
-1.2338 -4.8421
-4.9433 0.7373
-1.0499 4.8826
4.6897 1.7263
1.9097 -4.6188
-4.0112 -2.9787
-4.0204 2.9449
2.9467 4.0338
4.3818 -2.3772
-1.4268 -4.7895
-4.9551 0.59636
1.2852 4.8298
4.9613 -0.60089
0.10544 -4.9977
-4.9543 -0.65379
-0.34936 4.9861
4.9943 0.17655
1.3782 -4.8043
-4.8448 -1.2268
-0.93697 4.7447
4.965 0.54618
0.92548 -4.5904
-4.8435 -1.2289
-0.1821 4.9922
4.9824 0.29554
-0.60925 -4.9614
-4.9713 0.49774
2.1268 4.5233
4.3892 -2.3851
-2.5038 -4.3263
-4.1105 2.8319
3.6559 3.405
2.3337 -4.4195
-4.6099 -1.919
-1.8308 4.4182
4.9756 0.46374
-1.2118 -4.8473
-4.538 2.0954
3.2928 3.2101
3.1923 -3.8458
-4.7707 -1.4917
-0.062989 4.998
4.8253 -1.3021
-2.3542 -4.1232
-3.7794 3.2683
4.6133 1.9202
0.46405 -4.9698
-4.5964 1.9614
2.4108 4.2461
3.2396 -3.7869
-4.9135 -0.90528
1.2082 4.8498
3.8195 -3.2223
-4.2326 -2.6505
-0.68924 4.949
4.505 -2.1639
-3.8053 -3.2408
-0.30424 4.9866
4.4125 -2.3476
-3.3962 -3.6657
-1.4299 4.7721
4.8637 -1.1513
-3.5371 -3.5314
-0.74342 4.9361
4.5774 -1.9925
-4.2024 -2.6941
-0.88572 4.9189
4.6494 -1.834
-4.5816 -1.982
1.4783 4.7731
3.1034 -3.9161
-4.6825 0.30078
2.7623 4.1655
1.3525 -4.8101
-4.7087 1.6643
4.5972 1.9592
-1.7621 -4.6745
-2.3038 4.4355
4.7463 -0.97187
-4.2616 -2.5265
0.73943 4.9426
3.1627 -3.8686
-4.9584 0.62085
3.9909 3.0087
-1.4076 -4.7963
-2.5056 4.3225
4.4448 -2.2834
-4.2538 -1.4559
1.98 4.5881
0.92686 -4.9112
-4.2382 2.6433
4.9743 0.48452
-4.0012 -2.9942
2.0212 4.5712
1.5759 -4.7431
-3.6662 3.2995
4.9799 0.074353
-4.18 -2.729
2.1697 4.2315
1.1556 -4.859
-3.4526 3.5892
4.8225 -1.2937
-4.8718 -1.118
4.1921 2.7218
-2.1148 -4.5284
0.023765 4.9976
2.1441 -4.5144
-4.3737 2.4179
4.8232 -0.85137
-4.5383 -1.6228
3.1453 3.8841
-1.5025 -4.3911
-0.37841 4.7022
2.2133 -4.4774
-4.0153 2.9731
4.8414 -1.2415
-4.9952 0.067356
4.7332 1.6032
-3.911 -3.1111
3.1663 3.8673
-1.8561 -4.6403
0.28093 4.9889
0.85779 -4.9216
-2.4396 4.3525
3.4799 -3.5865
-3.9484 3.064
4.4909 -1.5758
-4.9413 0.74335
4.7632 0.18118
-4.7543 -1.5392
4.2102 2.1964
-4.3135 -2.5229
3.5561 3.512
-2.3093 -4.1651
2.9794 4.0113
-1.7718 -4.6728
1.0728 4.8816
-1.4759 -4.7748
0.52722 4.5335
-0.11518 -4.9787
0.4444 4.9779
0.080333 -4.9979
-0.63644 4.9552
0.48471 -4.7307
-0.63644 4.9552
0.080333 -4.9979
0.4444 4.9779
-0.11518 -4.9787
0.52722 4.5335
-1.4759 -4.7748
1.0728 4.8816
-1.7718 -4.6728
2.9794 4.0113
-2.3093 -4.1651
3.5561 3.512
-4.3135 -2.5229
4.2102 2.1964
-4.7543 -1.5392
4.7632 0.18118
-4.9413 0.74335
4.4909 -1.5758
-3.9484 3.064
3.4799 -3.5865
-2.4396 4.3525
0.85779 -4.9216
0.28093 4.9889
-1.8561 -4.6403
3.1663 3.8673
-3.911 -3.1111
4.7332 1.6032
-4.9952 0.067356
4.8414 -1.2415
-4.0153 2.9731
2.2133 -4.4774
-0.37841 4.7022
-1.5025 -4.3911
3.1453 3.8841
-4.5383 -1.6228
4.8232 -0.85137
-4.3737 2.4179
2.1441 -4.5144
0.023765 4.9976
-2.1148 -4.5284
4.1921 2.7218
-4.8718 -1.118
4.8225 -1.2937
-3.4526 3.5892
1.1556 -4.859
2.1697 4.2315
-4.18 -2.729
4.9799 0.074353
-3.6662 3.2995
1.5759 -4.7431
2.0212 4.5712
-4.0012 -2.9942
4.9743 0.48452
-4.2382 2.6433
0.92686 -4.9112
1.98 4.5881
-4.2538 -1.4559
4.4448 -2.2834
-2.5056 4.3225
-1.4076 -4.7963
3.9909 3.0087
-4.9584 0.62085
3.1627 -3.8686
0.73943 4.9426
-4.2616 -2.5265
4.7463 -0.97187
-2.3038 4.4355
-1.7621 -4.6745
4.5972 1.9592
-4.7087 1.6643
1.3525 -4.8101
2.7623 4.1655
-4.6825 0.30078
3.1034 -3.9161
1.4783 4.7731
-4.5816 -1.982
4.6494 -1.834
-0.88572 4.9189
-4.2024 -2.6941
4.5774 -1.9925
-0.74342 4.9361
-3.5371 -3.5314
4.8637 -1.1513
-1.4299 4.7721
-3.3962 -3.6657
4.4125 -2.3476
-0.30424 4.9866
-3.8053 -3.2408
4.505 -2.1639
-0.68924 4.949
-4.2326 -2.6505
3.8195 -3.2223
1.2082 4.8498
-4.9135 -0.90528
3.2396 -3.7869
2.4108 4.2461
-4.5964 1.9614
0.46405 -4.9698
4.6133 1.9202
-3.7794 3.2683
-2.3542 -4.1232
4.8253 -1.3021
-0.062989 4.998
-4.7707 -1.4917
3.1923 -3.8458
3.2928 3.2101
-4.538 2.0954
-1.2118 -4.8473
4.9756 0.46374
-1.8308 4.4182
-4.6099 -1.919
2.3337 -4.4195
3.6559 3.405
-4.1105 2.8319
-2.5038 -4.3263
4.3892 -2.3851
2.1268 4.5233
-4.9713 0.49774
-0.60925 -4.9614
4.9824 0.29554
-0.1821 4.9922
-4.8435 -1.2289
0.92548 -4.5904
4.965 0.54618
-0.93697 4.7447
-4.8448 -1.2268
1.3782 -4.8043
4.9943 0.17655
-0.34936 4.9861
-4.9543 -0.65379
0.10544 -4.9977
4.9613 -0.60089
1.2852 4.8298
-4.9551 0.59636
-1.4268 -4.7895
4.3818 -2.3772
2.9467 4.0338
-4.0204 2.9449
-4.0112 -2.9787
1.9097 -4.6188
4.6897 1.7263
-1.0499 4.8826
-4.9433 0.7373
-1.2338 -4.8421
4.194 -2.688
2.9815 3.163
-2.0777 4.5439
-4.8664 -1.1397
-0.10713 -4.6076
4.4204 -2.3335
3.4029 3.661
-2.921 4.0562
-4.8522 -1.1939
-0.75676 -4.9405
4.7254 -1.2951
3.4518 3.5588
-1.5931 4.7306
-4.9863 -0.10193
-2.0855 -4.4715
3.0482 -3.9611
4.8825 1.0632
0.41545 4.9813
-3.6564 3.2728
-4.2086 -2.6965
-0.081172 -4.9915
3.8947 -3.1331
4.4331 2.153
-0.063593 4.9976
-4.0002 2.9191
-4.2983 -2.5511
0.57466 -4.9535
3.6098 -3.4574
4.31 2.5109
1.2156 4.8483
-3.057 3.9218
-4.9736 -0.50016
-2.6231 -4.2234
1.5831 -4.7416
4.8617 -1.1623
4.3567 2.4504
0.57734 4.9652
-3.8788 3.153
-4.9961 -0.1649
-3.5164 -3.5528
0.88286 -4.7996
4.0225 -2.9656
4.6982 1.703
2.6136 4.2598
-1.2334 4.8434
-4.215 2.2779
-4.5318 -1.0023
-3.0556 -3.9552
0.78886 -4.9363
2.7768 -4.1555
4.9979 0.11431
4.1327 2.809
0.93756 4.9106
-2.2643 4.3338
-4.1336 2.8117
-4.7069 -1.1375
-3.3082 -3.7481
-0.74661 -4.9362
2.9007 -4.072
4.3766 -2.4105
4.9942 0.23392
3.7679 2.6547
2.1659 4.5061
-1.2478 4.8352
-2.3017 4.4382
-4.905 0.96425
-4.9158 -0.90987
-3.7511 -3.3049
-2.1753 -4.501
0.078788 -4.9988
2.1912 -4.493
3.7451 -3.3118
4.9234 -0.86418
4.7756 1.4789
3.9542 3.0579
2.3074 4.4352
0.66833 4.9536
-1.7579 4.6805
-2.0118 4.5752
-4.2212 2.6794
-4.6121 1.9086
-4.9834 -0.40503
-4.3227 -1.2281
-4.0905 -2.8752
-3.1496 -3.7035
-2.2896 -4.4449
-0.81706 -4.9307
0.029875 -4.9998
2.1724 -4.4312
2.3426 -4.417
3.6348 -3.3607
3.7375 -3.3208
4.6601 -1.8092
4.7615 -1.5246
4.9871 0.35154
4.9994 0.029287
4.9433 0.74829
4.9894 0.31514
4.5665 2.0359
4.44 2.2968
4.056 2.9236
3.8473 2.7183
3.7965 3.2536
4.0303 2.9498
3.3689 3.6947
3.5333 3.534
