6.28713277447933 6.45366442073899
6.5487781593361 6.59316957144478
7.0118217110616 6.72317883458714
7.07084470028391 6.54859093755794
6.51687149632505 6.46523153475307
5.78514084858217 7.02318500921019
5.50814807396978 7.82373577648307
5.88114387651293 7.72813996830778
6.53094592405502 6.45138061995136
6.99020599260892 5.26777035986601
7.20771364924925 5.42037891856108
7.52580337437869 6.13779391575546
8.18662892703621 5.18716665469978
8.94048708582472 1.6678769814
9.16703377580499 -2.56099086811173
8.34191453673821 -4.96891300627326
6.37574621963349 -5.40844819240239
3.59094156092995 -6.0218587173185
0.492101604685504 -7.9696323280762
-2.43630607198483 -9.39861254070003
-4.85911047121157 -7.65821720742223
-6.68360143707441 -3.04986329130034
-8.041824496434 0.971403900502584
-9.07720836905114 1.74599716124562
-9.69119370705985 0.548833377149531
-9.56594988090339 0.824428823207244
-8.51062480850694 3.77411658541117
-6.73362124541848 6.99695970920239
-4.65425041678694 7.80304685726521
-2.44243754237143 6.65281275384049
0.103034520283413 6.16732479530257
3.10345923913528 7.22216880567564
6.1140850034356 7.52989830798178
8.26556289746857 4.63439505688031
8.91064776947456 -0.757316229534703
7.97559780805397 -5.52085752677103
5.63426116047793 -7.72806266412968
1.9399789716478 -8.16656362398092
-2.80483313835361 -8.00963000107457
-7.29017452105474 -6.40370165281609
-9.33052469676967 -1.77462058400627
-7.38464555471455 4.85141953130913
-2.1383583402891 9.46695203695845
3.70204260160449 8.84904027832485
7.48383114584584 3.95072996055405
8.48324500024362 -1.38553284907891
7.68096498429878 -4.68367879579389
5.97448020646977 -6.6399464020739
3.14213696514656 -8.59594900800056
-1.21865432650358 -9.63474576113644
-6.13643605938936 -7.46459674708664
-9.25393285375558 -1.80172308802257
-8.58798669185241 4.4719664193012
-4.16489637919131 7.92927263195926
2.04518372949129 7.48920957601124
7.40447138264569 4.2061027038373
9.66388339034657 -0.702563376980464
7.5153254064737 -6.10900191182615
1.39332023985005 -9.5575494271119
-5.71292383485566 -7.79702098690358
-9.16534463477083 -0.437870614342414
-6.01078893671197 7.61968448632283
1.78963654992393 9.5235820806532
8.06169398194262 3.2553504572054
7.47618501068462 -5.74076400398252
0.444742716303507 -9.68050559100274
-7.17773668422024 -5.87056089566804
-9.41317731105775 1.65642530999921
-5.11555658407289 7.21640671550854
2.0322221886402 8.48750098245166
7.42960647403752 6.24690045935608
8.73530654347525 1.44380327098347
5.96275602466871 -4.95337486433525
0.418893825924358 -9.69450621579471
-5.30623402609723 -8.1272803063831
-7.47990087544431 0.332346351366669
-3.76592351626309 8.94515623204243
3.39521158389205 9.08011511095682
7.44912988722082 0.000473752394440474
3.8787212867814 -8.89290986349196
-4.13762159106788 -7.84675117464331
-8.02518964494692 1.88223827995454
-3.06885857729408 8.97138276716064
5.59729123241049 5.09539808167742
8.17467868579694 -5.14586183684804
1.55206056206613 -9.57889589823037
-6.53278740122392 -2.90071159991378
-6.29453454503914 7.11005665978177
2.21978803649092 8.94628982988468
8.68511595565591 0.800926901685318
4.76363468599346 -7.88889952397636
-5.41889584837038 -7.87386383420238
-9.70500629713731 -0.287669512726589
-2.49995232811274 5.90503362483094
8.07403145407076 4.71914874143885
9.58690038288827 -1.13531077115653
0.249240500266514 -5.01512873169348
-8.78578287799803 -4.03985514578307
-6.8259181998415 -0.573423854587849
3.42978523117307 2.11322025662664
9.24062221461694 2.97172139910777
3.42978523117297 2.11322025662675
-6.8259181998416 -0.573423854587729
-8.78578287799805 -4.03985514578303
0.249240500266549 -5.01512873169349
9.58690038288826 -1.13531077115652
8.07403145407068 4.71914874143891
-2.49995232811282 5.90503362483098
-9.70500629713731 -0.287669512726621
-5.41889584837032 -7.87386383420245
4.76363468599346 -7.88889952397642
8.6851159556558 0.800926901685307
2.21978803649076 8.94628982988464
-6.2945345450392 7.1100566597817
-6.53278740122384 -2.90071159991385
1.55206056206627 -9.57889589823035
8.174678685797 -5.14586183684794
5.59729123241046 5.09539808167749
-3.06885857729415 8.97138276716061
-8.02518964494694 1.88223827995442
-4.13762159106785 -7.84675117464339
3.87872128678142 -8.89290986349195
7.4491298872208 0.000473752394502647
3.39521158389202 9.08011511095685
-3.76592351626309 8.94515623204243
-7.47990087544429 0.332346351366677
-5.30623402609726 -8.12728030638307
0.418893825924271 -9.69450621579471
5.96275602466862 -4.95337486433534
8.73530654347524 1.44380327098333
7.4296064740376 6.24690045935598
2.03222218864033 8.48750098245166
-5.1155565840728 7.21640671550861
-9.41317731105772 1.65642530999925
-7.17773668422025 -5.87056089566804
0.444742716303484 -9.68050559100274
7.4761850106846 -5.74076400398249
8.06169398194259 3.25535045720543
1.78963654992389 9.5235820806532
-6.010788936712 7.6196844863228
-9.16534463477086 -0.437870614342427
-5.71292383485568 -7.79702098690357
1.39332023985001 -9.55754942711188
7.51532540647366 -6.10900191182617
9.66388339034656 -0.702563376980528
7.4044713826457 4.20610270383722
2.04518372949132 7.48920957601117
-4.1648963791913 7.92927263195921
-8.58798669185242 4.47196641930119
-9.25393285375563 -1.80172308802254
-6.13643605938944 -7.46459674708658
-1.21865432650369 -9.63474576113643
3.14213696514643 -8.59594900800064
5.97448020646963 -6.63994640207406
7.68096498429866 -4.68367879579404
8.48324500024356 -1.38553284907893
7.48383114584584 3.95072996055413
3.70204260160452 8.84904027832494
-2.1383583402891 9.46695203695845
-7.38464555471457 4.85141953130906
-9.33052469676971 -1.77462058400633
-7.29017452105475 -6.40370165281608
-2.80483313835357 -8.00963000107453
1.93997897164785 -8.1665636239809
5.63426116047796 -7.72806266412969
7.97559780805397 -5.52085752677103
8.91064776947455 -0.757316229534683
8.26556289746857 4.63439505688032
6.11408500343563 7.52989830798177
3.10345923913532 7.22216880567561
0.103034520283431 6.16732479530258
-2.44243754237141 6.65281275384055
-4.65425041678689 7.80304685726529
-6.73362124541841 6.99695970920245
-8.51062480850686 3.77411658541123
-9.56594988090336 0.824428823207348
-9.69119370705985 0.548833377149667
-9.07720836905112 1.74599716124574
-8.04182449643392 0.97140390050263
-6.68360143707428 -3.04986329130036
-4.85911047121143 -7.65821720742226
-2.43630607198474 -9.39861254070005
0.492101604685545 -7.96963232807623
3.59094156092998 -6.02185871731853
6.37574621963353 -5.40844819240238
8.34191453673826 -4.96891300627318
9.16703377580501 -2.56099086811161
8.94048708582472 1.66787698140008
8.18662892703621 5.18716665469978
7.52580337437873 6.13779391575541
7.20771364924933 5.42037891856107
6.99020599260899 5.26777035986605
6.53094592405505 6.45138061995141
5.88114387651292 7.72813996830778
5.50814807396976 7.82373577648303
5.78514084858216 7.02318500921013
6.51687149632506 6.46523153475304
7.07084470028393 6.54859093755794
7.0118217110616 6.72317883458714
6.54877815933609 6.59316957144477
