10.6544692137736 13.0173913802931
10.9782871631628 14.7157698465305
11.8185713425675 12.9090947387534
13.1752570534441 12.7856485555035
13.2897717519083 12.6688591998981
12.2772744901412 10.216263992506
13.9117505884377 11.9842350112324
16.7956092896883 6.36166137574351
17.8321217980228 4.38156769925073
17.9025028047463 3.87539749353108
17.9470071867219 -3.89315970244466
17.4101087048439 -5.52131244164454
16.1477319465654 -8.56114229521462
16.2712456162229 -8.47656392484031
14.4262757921936 -8.77807582939479
11.3382412663352 -14.4380481910727
13.4681517414346 -12.4809547783419
10.0694982524752 -15.3513679907732
2.96971975589056 -18.0338132348866
5.4771766740427 -17.2109761381001
3.53002498024651 -18.0153684374291
-4.88423430759635 -13.7713685448641
-9.03232051994652 -15.3158373550974
-13.7696466110635 -12.1480826130634
-17.5526751305356 -5.35108815807115
-18.1699038049006 -2.61199726299913
-14.5487541560957 10.0706510045604
-8.33030879365503 16.3625338862669
-8.61684442156455 16.1556187645666
-8.61572151980611 16.1886373613799
1.67727847715227 12.6035266532889
13.6568569810471 12.2707825599999
16.9948972726823 6.55318689103538
17.9978109069507 3.58637937200592
17.5481213986244 -1.94600061682662
7.58552485617309 -16.690809588605
0.962873986062767 -18.3057509971742
-0.840840138719987 -18.3344346688776
-8.86111526792223 -16.083615456209
-15.420646806517 -5.42621939827728
-18.3564874037088 -0.391831027250368
-17.3108393019228 6.0891007810676
-13.2670374131813 12.6934130386538
-5.74971063511752 17.4317852951109
7.67900117521072 16.2236965776638
13.3953657361672 10.6859989109398
16.1164064832547 8.74245002998225
17.7239958872056 -4.58735839566407
7.82495011601711 -16.5149174695119
-1.26799426247217 -17.9585333335478
-10.7416164678949 -14.8913550456404
-18.3228283537064 0.821076400022275
-13.4301360586773 12.5159764699196
-3.45893749612546 18.0333223655738
8.4029805249842 16.2706423209719
15.2439397296325 2.70867478122367
17.6877803931702 -4.91945541836027
12.2233098213497 -13.6852102338065
-4.97628213372987 -17.6735979651604
-13.6298875353273 -12.2950999125299
-17.3617646308757 -5.97867730586369
-14.5623064202093 11.0262239248456
0.552089866116899 18.3409889612437
8.25262984570777 13.1436976998664
14.4258414220656 6.30578925552375
14.8605033304633 -10.7721645501002
1.58677629743487 -18.2837616639711
-9.34029303941601 -14.767984679009
-17.1549987998834 -6.50601824602249
-14.5604668784438 11.1777477790107
0.770593060356775 18.0940623139422
15.3991032937247 9.993237723139
17.7604880135333 -4.65625985418477
4.21952894424161 -17.8034078404983
-10.5704195024316 -14.9866603400421
-18.1890756913168 2.32163473060564
-7.48043799959224 16.7570710251029
12.9506143325417 12.9568871086603
15.7561807563728 -2.0450323371952
10.517127239354 -14.913664602074
-2.07014396069143 -18.2368851580901
-17.1999141349056 -6.21200771363267
-14.2210614973893 11.3508674549987
-1.19663203789556 18.3222012421662
13.8151707146875 6.42105090548041
13.7030999385222 -12.1585906937713
-3.69250837601552 -17.9857210862652
-16.4855445218337 -8.08804770175662
-15.4733372259555 8.03280211127584
5.218141838597 12.4376118250674
18.3008924379751 1.51760614767031
9.52116945920362 -15.6587586036152
-4.33889461790034 -17.798345960726
-16.9278978151724 7.07835028328463
-3.8168710281841 17.9547297752726
17.9454988568467 3.52878971048758
12.9109241598879 -8.68379434492247
-5.19314286265126 -14.3223023030868
-18.3601986471292 0.350693219921181
-4.73157437352962 17.7103151062373
17.5096496188751 4.51923231547719
9.51244075538729 -15.7049376404114
-11.8577600451785 -14.0199102067603
-17.291277521632 6.13707771551796
1.07684566128007 17.5939506322705
16.7105171656718 4.5446311171341
9.59610110488501 -15.6550377589659
-7.0211926974605 -16.9648049398237
-16.9921008992315 5.85812605586342
-0.497716332099023 18.355307346877
18.3169328425909 1.29491318721242
5.91208403864282 -17.375663762745
-15.0630761265277 -9.26652667908007
-11.5213346192714 14.2956141967018
14.2561872833278 11.571055372931
12.6287432910045 -12.1338079510051
-14.7543321344005 -10.9264346351018
-11.8061585128562 14.0631084496908
10.3119630147202 15.1896929166364
12.5364561470861 -13.413010143822
-9.49803446906134 -15.5703417742422
-15.4405231154313 9.92050656136969
11.1411378101569 14.5661433402441
14.3459322465492 -4.07777610837195
-12.1248353446713 -13.7832831329923
-16.9506634124381 7.05912913517177
8.40542799220834 16.3254955152219
15.9449202577606 -9.06882081885038
-9.56374241190552 -15.6560804799158
-12.2300627950565 5.50120387019413
9.67451749957926 15.4558884449837
15.0680614016167 -6.31899183425596
-1.0797338513139 -18.3305110254002
-13.7769676545837 12.1305664502121
7.38491480251091 16.8104552494661
13.2542439633117 -12.7098585440355
-16.4431248819925 -8.1743873665867
-8.14182379946707 16.2955492666085
17.560275630733 5.35702240190217
-0.834305800911175 -18.3399381372866
-17.8519030205332 4.15857329369871
7.65392367870139 16.6429589043444
11.957911342138 -13.9353326178729
-17.6469434402571 -5.07026416598974
-4.33059275127729 17.8443545848067
18.2097744289162 -2.29154913467672
-3.27643068566152 -15.0654868251271
-13.5235037979718 9.40266662036814
8.12625390480196 16.4639587666265
11.6324719002378 -14.1943573686754
-14.0565849080786 -6.2660754249024
-6.16972925217707 17.297129379171
15.7855764908689 -9.38395698855043
-11.1570596932553 -14.5274871852588
-13.2035231020043 12.721534353581
18.280273213952 1.7233330177438
-0.109914003644428 -18.3175433357823
-16.8838367431722 7.09360794292866
10.6078394263423 14.9895642499399
4.96607729769788 -17.6790527929096
-17.7547756073768 2.58895985321666
10.6201894477229 14.9734597648197
8.82361861053413 -16.1008562072895
-16.6249786646605 7.79886860757019
15.1745036064566 10.3377728556303
5.66032423645105 -17.4654241690166
-16.9113854864225 7.15263985453193
17.6921431041667 4.90879088826211
-0.158818343517797 -18.3588310076999
-18.0291241395242 3.42095741070185
16.6416374274383 7.75912875954018
2.59947891813543 -18.1769157663174
-14.537694091334 1.30493568009553
13.1619515988834 12.8021458869135
1.4392912695545 -18.3071841848218
-16.6948626265979 7.47882616792957
14.0921758226301 11.6814465167116
-0.0298326788040235 -18.3625932987096
-14.0486476329785 11.8244206816936
17.0060883282615 -6.91668805642146
-9.82285685436105 -15.5118528182746
-5.49805258843653 17.5187127901385
13.4831327985103 -12.3396741714737
-18.0497669312175 3.30153550096518
14.7796489853536 10.8616711230778
8.67587024978672 -16.1732819233166
-12.5141912290316 13.3804416741873
18.1704490900072 -2.51279692935642
-17.364000387495 -5.78312767478231
-0.973029571294584 15.8503349001255
14.6213677391886 -11.0820114650343
-18.0750026001346 2.59321701302609
18.184467436392 2.40275360662789
-8.36768633946903 -11.0953217354313
-14.1936764084691 11.6327251844316
17.4055559883215 -3.24005241121622
-17.5368475575648 -5.43057980754764
13.3873099264711 10.6649274446699
4.63199323164804 -4.2764590900411
-18.2432167815561 -2.03064516436298
14.9104232593669 10.7200363660718
-18.2432167815561 -2.03064516436299
4.63199323164801 -4.27645909004113
13.3873099264711 10.6649274446699
-17.5368475575648 -5.43057980754764
17.4055559883215 -3.24005241121625
-14.193676408469 11.6327251844317
-8.36768633946898 -11.0953217354312
18.184467436392 2.40275360662789
-18.0750026001347 2.59321701302609
14.6213677391886 -11.0820114650343
-0.973029571294585 15.8503349001256
-17.364000387495 -5.78312767478233
18.1704490900072 -2.51279692935644
-12.5141912290316 13.3804416741873
8.67587024978672 -16.1732819233166
14.7796489853536 10.8616711230778
-18.0497669312175 3.30153550096519
13.4831327985103 -12.3396741714737
-5.49805258843652 17.5187127901385
-9.82285685436103 -15.5118528182746
17.0060883282615 -6.91668805642147
-14.0486476329785 11.8244206816936
-0.0298326788040288 -18.3625932987096
14.0921758226302 11.6814465167116
-16.6948626265979 7.47882616792957
1.43929126955448 -18.3071841848218
13.1619515988835 12.8021458869134
-14.537694091334 1.30493568009554
2.59947891813542 -18.1769157663174
16.6416374274383 7.75912875954016
-18.0291241395242 3.42095741070185
-0.158818343517822 -18.3588310076999
17.6921431041667 4.90879088826212
-16.9113854864225 7.15263985453195
5.66032423645105 -17.4654241690166
15.1745036064566 10.3377728556303
-16.6249786646605 7.79886860757021
8.82361861053413 -16.1008562072895
10.6201894477229 14.9734597648197
-17.7547756073769 2.58895985321664
4.96607729769784 -17.6790527929096
10.6078394263423 14.9895642499399
-16.8838367431722 7.09360794292866
-0.109914003644455 -18.3175433357823
18.280273213952 1.72333301774382
-13.2035231020043 12.7215343535811
-11.1570596932553 -14.5274871852588
15.7855764908689 -9.38395698855045
-6.16972925217708 17.297129379171
-14.0565849080786 -6.26607542490238
11.6324719002378 -14.1943573686754
8.12625390480196 16.4639587666264
-13.5235037979718 9.40266662036813
-3.27643068566154 -15.0654868251271
18.2097744289162 -2.29154913467672
-4.33059275127731 17.8443545848067
-17.6469434402571 -5.07026416598974
11.957911342138 -13.9353326178728
7.65392367870138 16.6429589043444
-17.8519030205332 4.15857329369869
-0.834305800911172 -18.3399381372865
17.560275630733 5.35702240190216
-8.14182379946709 16.2955492666085
-16.4431248819925 -8.1743873665867
13.2542439633117 -12.7098585440355
7.38491480251091 16.8104552494661
-13.7769676545837 12.1305664502121
-1.07973385131391 -18.3305110254002
15.0680614016167 -6.31899183425594
9.67451749957925 15.4558884449837
-12.2300627950565 5.50120387019414
-9.56374241190551 -15.6560804799158
15.9449202577606 -9.06882081885038
8.40542799220831 16.3254955152219
-16.9506634124381 7.05912913517177
-12.1248353446713 -13.7832831329923
14.3459322465492 -4.07777610837196
11.141137810157 14.5661433402441
-15.4405231154313 9.92050656136971
-9.49803446906131 -15.5703417742422
12.536456147086 -13.4130101438221
10.3119630147201 15.1896929166364
-11.8061585128562 14.0631084496908
-14.7543321344004 -10.9264346351018
12.6287432910045 -12.1338079510051
14.2561872833277 11.571055372931
-11.5213346192714 14.2956141967018
-15.0630761265277 -9.26652667908009
5.91208403864282 -17.375663762745
18.3169328425909 1.29491318721241
-0.497716332099023 18.355307346877
-16.9921008992315 5.85812605586344
-7.02119269746051 -16.9648049398237
9.59610110488498 -15.6550377589659
16.7105171656718 4.54463111713409
1.07684566128011 17.5939506322705
-17.291277521632 6.13707771551796
-11.8577600451785 -14.0199102067603
9.5124407553873 -15.7049376404114
17.5096496188751 4.5192323154772
-4.73157437352962 17.7103151062373
-18.3601986471292 0.350693219921183
-5.19314286265127 -14.3223023030868
12.9109241598878 -8.68379434492245
17.9454988568467 3.52878971048757
-3.81687102818408 17.9547297752726
-16.9278978151724 7.07835028328465
-4.33889461790033 -17.798345960726
9.52116945920361 -15.6587586036152
18.3008924379751 1.51760614767028
5.21814183859702 12.4376118250674
-15.4733372259555 8.03280211127585
-16.4855445218337 -8.08804770175662
-3.69250837601554 -17.9857210862652
13.7030999385222 -12.1585906937712
13.8151707146875 6.42105090548039
-1.19663203789553 18.3222012421662
-14.2210614973893 11.3508674549987
-17.1999141349056 -6.21200771363264
-2.07014396069146 -18.2368851580901
10.5171272393539 -14.913664602074
15.7561807563728 -2.04503233719522
12.9506143325417 12.9568871086603
-7.48043799959222 16.7570710251029
-18.1890756913167 2.32163473060568
-10.5704195024316 -14.9866603400421
4.21952894424158 -17.8034078404983
17.7604880135333 -4.65625985418477
15.3991032937247 9.99323772313896
0.770593060356784 18.0940623139422
-14.5604668784438 11.1777477790107
-17.1549987998834 -6.50601824602248
-9.340293039416 -14.767984679009
1.58677629743487 -18.2837616639712
14.8605033304633 -10.7721645501003
14.4258414220656 6.30578925552375
8.25262984570775 13.1436976998664
0.552089866116892 18.3409889612437
-14.5623064202093 11.0262239248456
-17.3617646308757 -5.97867730586365
-13.6298875353273 -12.2950999125299
-4.97628213372987 -17.6735979651604
12.2233098213497 -13.6852102338065
17.6877803931702 -4.91945541836026
15.2439397296325 2.70867478122368
8.40298052498422 16.2706423209719
-3.45893749612546 18.0333223655738
-13.4301360586773 12.5159764699196
-18.3228283537064 0.821076400022242
-10.7416164678948 -14.8913550456404
-1.26799426247214 -17.9585333335478
7.82495011601715 -16.5149174695119
17.7239958872056 -4.58735839566405
16.1164064832547 8.74245002998225
13.3953657361672 10.6859989109399
7.67900117521071 16.2236965776638
-5.74971063511754 17.4317852951109
-13.2670374131813 12.6934130386538
-17.3108393019228 6.08910078106761
-18.3564874037088 -0.391831027250369
-15.420646806517 -5.42621939827728
-8.86111526792222 -16.083615456209
-0.840840138719953 -18.3344346688776
0.962873986062795 -18.3057509971742
7.58552485617308 -16.690809588605
17.5481213986244 -1.9460006168266
17.9978109069507 3.58637937200595
16.9948972726823 6.55318689103541
13.6568569810471 12.2707825599999
1.67727847715228 12.603526653289
-8.61572151980612 16.1886373613799
-8.61684442156458 16.1556187645666
-8.33030879365507 16.3625338862669
-14.5487541560957 10.0706510045604
-18.1699038049006 -2.61199726299913
-17.5526751305356 -5.35108815807117
-13.7696466110635 -12.1480826130634
-9.03232051994649 -15.3158373550974
-4.88423430759632 -13.7713685448642
3.53002498024653 -18.0153684374291
5.47717667404269 -17.2109761381001
2.96971975589054 -18.0338132348866
10.0694982524752 -15.3513679907732
13.4681517414346 -12.4809547783419
11.3382412663352 -14.4380481910728
14.4262757921936 -8.77807582939479
16.2712456162229 -8.47656392484031
16.1477319465654 -8.5611422952146
17.4101087048439 -5.52131244164453
17.9470071867219 -3.89315970244465
17.9025028047463 3.87539749353111
17.8321217980228 4.38156769925075
16.7956092896883 6.3616613757435
13.9117505884377 11.9842350112324
12.2772744901412 10.216263992506
13.2897717519083 12.6688591998981
13.1752570534441 12.7856485555035
11.8185713425675 12.9090947387534
10.9782871631628 14.7157698465305
