0.6858 0.40245
0.62879 0.64322
0.59543 0.6541
0.64597 0.62606
0.77545 0.42867
0.85181 0.28667
0.897 0.015256
0.89036 0.12478
0.84764 -0.29813
0.8847 -0.16038
0.60833 -0.66239
0.40933 -0.7969
-0.11993 -0.89151
-0.16663 -0.80536
-0.57787 -0.68923
-0.79114 -0.41786
-0.89272 -0.11003
-0.67526 0.59344
-0.52485 0.73049
0.13996 0.8738
0.65179 0.61991
0.85869 0.17315
0.74948 -0.49712
0.30494 -0.84643
-0.24949 -0.86409
-0.79924 -0.4131
-0.8941 0.093737
-0.025056 0.89919
0.33345 0.83516
0.86516 0.2472
0.59179 -0.65217
-0.09041 -0.89533
-0.70782 -0.54942
-0.76567 0.47274
-0.12677 0.82341
0.8289 0.35014
0.51166 -0.69576
-0.085966 -0.89583
-0.84591 -0.26279
-0.38858 0.81166
0.55255 0.64327
0.87531 -0.20926
-0.01979 -0.89956
-0.89973 0.016507
-0.36642 0.81507
0.80337 0.4057
0.54832 -0.71352
-0.686 -0.58218
-0.66761 0.48292
0.49616 0.75088
0.63277 -0.63988
-0.49362 -0.55512
-0.74714 0.49295
0.62127 0.65116
0.5829 -0.68562
-0.77247 -0.43325
-0.47421 0.75751
0.88049 0.1863
0.076881 -0.89659
-0.80291 0.4043
0.34854 0.77888
0.71212 -0.55026
-0.87297 -0.21823
0.18004 0.87389
0.70082 -0.55556
-0.64229 -0.63024
-0.45575 0.77581
0.85042 -0.28801
-0.6198 -0.64923
-0.083243 0.89561
0.73601 -0.51708
-0.79502 -0.42087
0.042319 0.89724
0.75023 -0.49666
-0.89257 -0.10098
0.75774 0.46735
-0.027053 -0.89678
-0.63039 0.63779
0.88361 -0.16718
-0.67944 -0.58619
0.33569 0.70046
0.33815 -0.80275
-0.80084 0.40827
0.89868 -0.016244
-0.74259 -0.50459
0.52625 0.70966
-0.1865 -0.87939
-0.22498 0.86979
0.51522 -0.73731
-0.8097 0.38791
0.71816 -0.096421
-0.88174 -0.10251
0.68055 0.45438
-0.62365 -0.64752
0.60802 0.63871
-0.1435 -0.88635
0.12103 0.89028
-0.11475 -0.87932
-0.088726 0.89408
0.10197 -0.89359
-0.11487 0.89228
0.10197 -0.89359
-0.088726 0.89408
-0.11475 -0.87932
0.12103 0.89028
-0.1435 -0.88635
0.60802 0.63871
-0.62365 -0.64752
0.68055 0.45438
-0.88174 -0.10251
0.71816 -0.096421
-0.8097 0.38791
0.51522 -0.73731
-0.22498 0.86979
-0.1865 -0.87939
0.52625 0.70966
-0.74259 -0.50459
0.89868 -0.016244
-0.80084 0.40827
0.33815 -0.80275
0.33569 0.70046
-0.67944 -0.58619
0.88361 -0.16718
-0.63039 0.63779
-0.027053 -0.89678
0.75774 0.46735
-0.89257 -0.10098
0.75023 -0.49666
0.042319 0.89724
-0.79502 -0.42087
0.73601 -0.51708
-0.083243 0.89561
-0.6198 -0.64923
0.85042 -0.28801
-0.45575 0.77581
-0.64229 -0.63024
0.70082 -0.55556
0.18004 0.87389
-0.87297 -0.21823
0.71212 -0.55026
0.34854 0.77888
-0.80291 0.4043
0.076881 -0.89659
0.88049 0.1863
-0.47421 0.75751
-0.77247 -0.43325
0.5829 -0.68562
0.62127 0.65116
-0.74714 0.49295
-0.49362 -0.55512
0.63277 -0.63988
0.49616 0.75088
-0.66761 0.48292
-0.686 -0.58218
0.54832 -0.71352
0.80337 0.4057
-0.36642 0.81507
-0.89973 0.016507
-0.01979 -0.89956
0.87531 -0.20926
0.55255 0.64327
-0.38858 0.81166
-0.84591 -0.26279
-0.085966 -0.89583
0.51166 -0.69576
0.8289 0.35014
-0.12677 0.82341
-0.76567 0.47274
-0.70782 -0.54942
-0.09041 -0.89533
0.59179 -0.65217
0.86516 0.2472
0.33345 0.83516
-0.025056 0.89919
-0.8941 0.093737
-0.79924 -0.4131
-0.24949 -0.86409
0.30494 -0.84643
0.74948 -0.49712
0.85869 0.17315
0.65179 0.61991
0.13996 0.8738
-0.52485 0.73049
-0.67526 0.59344
-0.89272 -0.11003
-0.79114 -0.41786
-0.57787 -0.68923
-0.16663 -0.80536
-0.11993 -0.89151
0.40933 -0.7969
0.60833 -0.66239
0.8847 -0.16038
0.84764 -0.29813
0.89036 0.12478
0.897 0.015256
0.85181 0.28667
0.77545 0.42867
0.64597 0.62606
0.59543 0.6541
0.62879 0.64322
