10.504059780854 8.44440509210609
11.1807230159457 8.66922137287089
11.99542932813 8.79197645577602
10.9446941633115 8.09423525507234
8.01135067347673 7.09419087187217
5.45256116510718 7.22454459996527
5.25001850287583 9.01009767651366
7.00333534978371 11.1897247850108
8.80890583896199 12.0527861470281
9.71741396977076 11.252549972862
10.516853800527 9.71794261132897
12.1060377452061 7.95410907263966
13.9673524678342 5.28641185749757
14.8474250319763 1.2358181030686
14.5218050617258 -2.94281624694624
14.0681476400378 -5.01775539915866
14.3127365030214 -4.24449233880778
14.7339152439702 -2.44201328478016
14.3763427915133 -2.14035836089998
13.3686111314032 -3.95890837573766
12.7413046442021 -6.34999133084942
12.7387117670138 -7.80419091203767
12.1352298281798 -8.58037412755402
9.78915345510141 -9.90669854449323
6.44949643645273 -12.0294646965627
4.21390832573975 -13.8280808551474
4.0805120227138 -14.3638676684915
4.68855048135364 -14.0929447444869
3.92138400731542 -14.1140204175606
1.35643928288367 -14.6389594870393
-1.49263738307233 -14.8587050947688
-3.23412969682034 -14.2741919019762
-4.12020387651465 -13.4794749412733
-5.1861970692183 -13.2687884144823
-6.53608892528375 -13.4255393941438
-7.33604173335399 -13.0094107282166
-7.43054124663495 -11.7275577442653
-8.01982238510936 -10.3138764435371
-10.1225014818517 -9.23557366737203
-12.8352339682262 -7.57813269578228
-13.9913700076255 -3.93911528473555
-12.6728805954283 1.59285978703479
-10.3677390222588 7.01936804235332
-9.14050707999276 10.3680385038356
-9.04744241438859 11.6822985864058
-8.05424802308043 12.5832160264883
-4.51602643854075 13.9887577661978
0.918996750117027 14.883941178769
6.18064144965987 13.5978204508702
9.98824103616631 9.84239864200565
12.5350727696912 4.99087700244894
14.2076516722598 0.515357709808416
14.5797717110239 -3.25691498654095
13.1736336302812 -6.70674153994914
10.6359322633824 -9.83478085249819
8.27999864664191 -12.1573648067188
6.42168171825794 -13.4904189343554
3.93484693504868 -14.2097756024245
-0.0878776542640303 -14.5518636755638
-4.73060605395887 -14.1360901743627
-8.04167400809694 -12.5897275366312
-9.36133919958283 -10.3620975044009
-10.1031477818843 -8.32497338163568
-11.8331271692651 -6.50666318792377
-14.1087292657133 -3.79579479905131
-14.9199806981384 0.687052453428612
-13.120320231317 6.21769683565742
-9.60790298995543 10.9642172666724
-5.80474091117238 13.751605374824
-1.72573916287166 14.7376755467616
3.54317857429137 14.184931149843
9.59338914077333 11.3177190502234
13.9690970043503 5.28133436200923
14.3665842636493 -2.83138313331042
11.1542653378766 -9.86276113589518
6.95958947457255 -13.1914373352317
3.76041905509542 -13.1824196071266
1.08378639607969 -12.4146255456369
-2.61924151398686 -12.4790415236747
-7.4625476590397 -12.1840071910656
-11.7349404679883 -9.24100531505501
-13.8094780957269 -3.1997637891207
-13.5408454284797 3.90686402691489
-11.4440094279241 9.59040916616598
-7.32256327327296 12.7520902976752
-0.751696292384011 13.3332625601201
7.1068160169587 11.0802889752125
13.1972346018379 5.71669820032952
14.8295084571602 -1.72255871187442
12.0093318717266 -8.74228810181424
6.99099207141938 -13.1960587767937
1.71439814020516 -14.8282028915338
-3.55747887352118 -14.4422309669837
-8.9019065158974 -11.944813197619
-12.9744050476238 -6.32821529190351
-13.6146247092076 2.00132681485648
-10.1919359915429 9.81807364875461
-4.50057171564798 13.2090609489058
1.08165258703561 11.2450471927664
5.72660802865924 6.72243874299066
9.80910536581845 2.8649771174986
12.8683698775711 -0.032996721973082
13.1032069669962 -3.92942150283667
9.42899332952546 -9.42017450927692
3.30807813914506 -14.0296661846626
-2.41771572727328 -14.6447642101472
-6.40388476717753 -10.8838353268161
-9.56565266226465 -5.13084294297795
-12.6178815798994 0.454545219411973
-13.7793996222616 5.71990535981632
-10.1313087652086 10.8510164919715
-1.39740628259106 14.0144359396601
8.49410265594173 12.1578245598234
14.2306070151519 4.48538018714047
13.2645401436564 -5.69358650653515
6.96804211127637 -13.1988043127402
-1.53162727448454 -14.8023240956148
-9.45733046561814 -10.657298412405
-14.3535711221884 -2.87102148219722
-13.7054639494805 5.94213846466888
-6.52794953253822 12.6000150913823
4.35890346759964 13.6001249096417
12.9681898036368 7.39991614764483
14.3785581531533 -3.21454650212464
8.54825479538422 -12.2325829803218
-0.345376835380623 -14.9349503010897
-8.00599884177896 -11.2932320236988
-12.753041280989 -4.68098572996027
-14.4607876117984 2.06956218051294
-12.4334011128602 8.2632912865995
-5.90235709693318 13.240104152062
3.51136687876854 14.5076456508559
11.406660910199 9.64101472223852
13.8189827491888 -0.124428054183852
10.5406571908006 -9.67581313253589
4.5319734545411 -14.2081600313019
-1.61533131589579 -13.0467176622949
-7.44326549289182 -8.73407888175881
-12.5933574065276 -3.20862198185496
-14.4928641117287 3.49361798356412
-9.97135711162249 10.530353089429
0.409669160086406 14.1187056226797
10.8796416830264 10.2024121437773
14.5766325046525 -0.476924010173314
9.32751134189238 -11.3128175745422
-0.892248173877218 -14.9098419470543
-9.75920932137729 -9.18827629741024
-13.0735984235121 1.61926979136545
-9.97309188801289 11.0942347894872
-1.87420209102045 14.8146693130965
7.92253281064043 11.4023024649429
14.183916980586 2.11840130909839
12.0429624642634 -8.80990901981838
1.54169158954986 -14.7471536651315
-10.4277532565056 -10.6837065986561
-14.6990584734 1.49119844621746
-7.76618163374574 12.7596032766433
4.85072589114421 14.0946147148842
13.5324752154088 4.61841234770254
12.7166635744615 -7.82523346203383
4.249506056607 -14.3059195863155
-6.01919495651852 -12.2390234796747
-13.1673130944866 -5.27035017152373
-14.7136242222256 2.21962300293771
-9.75073486964079 8.25348315921467
0.536700936682686 11.3575351913746
11.1938035465619 8.83517714748923
14.929329326673 -0.214559422383361
7.99400943333946 -10.782924313761
-4.96857226658045 -14.0717093986798
-13.5771375486613 -5.93447609709423
-10.6892215553324 7.5008626266492
1.06176784903525 14.5672654970296
11.8581844987268 9.06614068067138
13.4893558594855 -4.03669471846669
5.52123604883587 -13.8473138512754
-5.9202504513325 -13.3916903016284
-13.566586157498 -4.1460709080845
-13.1279753306316 7.11603913563105
-4.66325342220006 13.6850090851525
7.24119242752403 11.8625500846057
14.7620650275811 2.22169736316551
11.5322827389479 -9.48531550124427
-1.08631314591429 -14.3144185452444
-12.9315857402545 -7.06953834622281
-13.1826762545289 7.01078356006201
-1.38138164160694 14.8638844066757
10.7701735804484 8.09644282859184
10.6937932970148 -7.04195176897856
-1.6909169338001 -14.8162411176219
-13.3651068790087 -6.66413874498752
-11.8808681340393 8.84177382178327
1.32773495336263 14.8728273078584
12.5978398940789 4.81877686479524
10.6502059177671 -10.4630628152969
-1.94924582492771 -14.758840344402
-12.2987581351923 -3.96502548445335
-10.6577130758473 10.4522651679804
0.76409359220134 14.4589830482179
11.4244322323003 5.31489049065288
12.6477045699291 -7.84960438122125
3.99490514532725 -14.3882990199517
-7.97041542334908 -10.7668578397907
-14.9097491195287 -0.711254094200068
-11.7539925852216 9.11424777646775
-0.0829588859003647 12.4628669795993
11.6746150904947 6.22978412728667
13.5353259440016 -6.12806352243836
2.94727587441312 -14.5576182132013
-10.875523480873 -10.2259663467797
-14.3049323440739 4.18832192962268
-3.2922867969746 14.5442348925049
11.0270908922102 9.37187014685404
13.3926693791576 -6.24728911383264
1.43774156437829 -14.7494020411636
-10.9859926927039 -5.94602204871301
-9.43691578546595 10.1603763112765
4.004597062074 14.3511420176106
12.8481021882727 1.22761071952328
5.94689471947865 -13.6384671528886
-8.60207297487814 -12.2139126430131
-12.8619330783542 3.83947838323918
-1.03345961548466 14.897312039836
12.8665844130431 7.43070980236814
11.7263168181825 -9.23750576399595
-3.53572538489861 -14.4754448000756
-14.6074581487408 -1.95193655254523
-7.99349487610734 12.6172705649705
8.28366195046607 11.1874367177594
14.334099242159 -4.19218086498321
2.8497939102849 -14.1744240327717
-11.8054917085353 -6.30000880849551
-11.3214191094129 9.7412267461091
3.80995780569013 14.3765336916494
14.779751344935 2.14623824952468
7.74372780862398 -12.1786232540506
-8.91786408841699 -11.9802448777783
-14.8350008424802 1.59767974797277
-2.7435111563297 12.1222553057231
12.6459786924257 7.84373249803816
12.8870845981335 -5.52961584496466
-1.63948160412849 -13.0337885755138
-12.7771976480613 -7.69536903378565
-7.55490266775591 3.59659251678902
5.89280903895159 9.85191267850516
9.22567208681049 7.59439463499434
-2.45857270533694 1.74875559784507
-14.2411819163759 -1.87357083514565
-10.3383422915538 -1.98566761137021
5.58421295843757 -0.68473346744234
14.5043629428595 -0.0283704837429042
5.58421295843758 -0.684733467442364
-10.3383422915538 -1.98566761137024
-14.2411819163758 -1.87357083514568
-2.45857270533691 1.74875559784508
9.22567208681049 7.59439463499438
5.89280903895159 9.8519126785052
-7.5549026677559 3.59659251678903
-12.7771976480613 -7.69536903378567
-1.63948160412847 -13.0337885755138
12.8870845981335 -5.52961584496465
12.6459786924257 7.8437324980382
-2.74351115632972 12.1222553057231
-14.8350008424802 1.59767974797278
-8.91786408841698 -11.9802448777783
7.74372780862399 -12.1786232540506
14.779751344935 2.14623824952469
3.80995780569012 14.3765336916494
-11.321419109413 9.7412267461091
-11.8054917085353 -6.30000880849552
2.84979391028492 -14.1744240327717
14.334099242159 -4.1921808649832
8.28366195046606 11.1874367177594
-7.99349487610735 12.6172705649705
-14.6074581487408 -1.95193655254524
-3.53572538489858 -14.4754448000756
11.7263168181825 -9.23750576399593
12.8665844130431 7.43070980236816
-1.03345961548469 14.897312039836
-12.8619330783542 3.83947838323916
-8.60207297487811 -12.2139126430131
5.94689471947867 -13.6384671528886
12.8481021882728 1.22761071952329
4.00459706207399 14.3511420176106
-9.43691578546596 10.1603763112765
-10.9859926927039 -5.94602204871303
1.43774156437831 -14.7494020411636
13.3926693791576 -6.24728911383263
11.0270908922102 9.37187014685405
-3.29228679697458 14.5442348925049
-14.3049323440739 4.18832192962268
-10.875523480873 -10.2259663467797
2.9472758744131 -14.5576182132013
13.5353259440016 -6.12806352243838
11.6746150904947 6.22978412728664
-0.0829588859003714 12.4628669795993
-11.7539925852216 9.11424777646773
-14.9097491195287 -0.711254094200062
-7.97041542334908 -10.7668578397907
3.99490514532725 -14.3882990199517
12.6477045699291 -7.84960438122125
11.4244322323003 5.31489049065289
0.76409359220133 14.4589830482179
-10.6577130758473 10.4522651679804
-12.2987581351923 -3.96502548445336
-1.94924582492769 -14.758840344402
10.6502059177671 -10.4630628152969
12.5978398940788 4.81877686479525
1.32773495336259 14.8728273078584
-11.8808681340393 8.84177382178325
-13.3651068790087 -6.66413874498754
-1.69091693380008 -14.8162411176219
10.6937932970148 -7.04195176897855
10.7701735804484 8.09644282859185
-1.38138164160694 14.8638844066757
-13.1826762545289 7.01078356006199
-12.9315857402545 -7.06953834622282
-1.08631314591429 -14.3144185452444
11.5322827389479 -9.48531550124426
14.7620650275811 2.22169736316552
7.24119242752405 11.8625500846057
-4.66325342220004 13.6850090851525
-13.1279753306315 7.11603913563107
-13.566586157498 -4.14607090808449
-5.92025045133252 -13.3916903016284
5.52123604883585 -13.8473138512754
13.4893558594855 -4.03669471846668
11.8581844987268 9.06614068067138
1.06176784903524 14.5672654970296
-10.6892215553324 7.50086262664918
-13.5771375486613 -5.93447609709425
-4.96857226658044 -14.0717093986798
7.99400943333946 -10.782924313761
14.929329326673 -0.214559422383365
11.193803546562 8.83517714748922
0.536700936682716 11.3575351913746
-9.75073486964076 8.25348315921468
-14.7136242222256 2.21962300293773
-13.1673130944867 -5.27035017152371
-6.01919495651855 -12.2390234796747
4.24950605660698 -14.3059195863155
12.7166635744615 -7.82523346203384
13.5324752154088 4.61841234770253
4.85072589114423 14.0946147148842
-7.76618163374573 12.7596032766433
-14.6990584734 1.49119844621746
-10.4277532565056 -10.6837065986561
1.54169158954985 -14.7471536651315
12.0429624642633 -8.8099090198184
14.183916980586 2.11840130909837
7.92253281064043 11.4023024649429
-1.87420209102042 14.8146693130965
-9.97309188801286 11.0942347894872
-13.0735984235121 1.61926979136548
-9.7592093213773 -9.18827629741023
-0.892248173877226 -14.9098419470543
9.32751134189238 -11.3128175745423
14.5766325046525 -0.476924010173335
10.8796416830264 10.2024121437773
0.409669160086406 14.1187056226797
-9.9713571116225 10.530353089429
-14.4928641117287 3.49361798356413
-12.5933574065276 -3.20862198185495
-7.44326549289181 -8.73407888175881
-1.61533131589579 -13.0467176622949
4.53197345454109 -14.2081600313019
10.5406571908006 -9.67581313253589
13.8189827491888 -0.124428054183847
11.406660910199 9.64101472223853
3.51136687876855 14.5076456508559
-5.90235709693316 13.240104152062
-12.4334011128602 8.2632912865995
-14.4607876117984 2.06956218051295
-12.753041280989 -4.68098572996026
-8.00599884177898 -11.2932320236988
-0.345376835380627 -14.9349503010897
8.54825479538424 -12.2325829803217
14.3785581531533 -3.21454650212463
12.9681898036368 7.39991614764485
4.35890346759962 13.6001249096417
-6.52794953253824 12.6000150913823
-13.7054639494805 5.94213846466887
-14.3535711221884 -2.87102148219723
-9.45733046561812 -10.657298412405
-1.53162727448453 -14.8023240956148
6.96804211127637 -13.1988043127402
13.2645401436564 -5.69358650653516
14.2306070151519 4.48538018714046
8.49410265594173 12.1578245598234
-1.39740628259105 14.0144359396601
-10.1313087652086 10.8510164919715
-13.7793996222616 5.71990535981634
-12.6178815798995 0.454545219411983
-9.56565266226469 -5.13084294297795
-6.40388476717757 -10.8838353268161
-2.4177157272733 -14.6447642101472
3.30807813914507 -14.0296661846626
9.42899332952548 -9.42017450927693
13.1032069669962 -3.92942150283669
12.8683698775711 -0.0329967219731091
9.80910536581841 2.86497711749859
5.7266080286592 6.72243874299066
1.08165258703559 11.2450471927664
-4.50057171564796 13.2090609489058
-10.1919359915429 9.81807364875457
-13.6146247092076 2.00132681485644
-12.9744050476238 -6.32821529190352
-8.90190651589739 -11.9448131976189
-3.55747887352117 -14.4422309669837
1.71439814020517 -14.8282028915338
6.99099207141938 -13.1960587767937
12.0093318717266 -8.74228810181424
14.8295084571602 -1.72255871187441
13.1972346018379 5.71669820032954
7.10681601695869 11.0802889752125
-0.751696292384031 13.3332625601201
-7.32256327327296 12.7520902976752
-11.4440094279241 9.59040916616599
-13.5408454284796 3.90686402691489
-13.8094780957269 -3.19976378912071
-11.7349404679883 -9.241005315055
-7.46254765903972 -12.1840071910656
-2.61924151398688 -12.4790415236746
1.08378639607968 -12.4146255456369
3.76041905509542 -13.1824196071266
6.95958947457256 -13.1914373352317
11.1542653378766 -9.86276113589517
14.3665842636493 -2.8313831333104
13.9690970043503 5.28133436200925
9.59338914077332 11.3177190502235
3.54317857429136 14.184931149843
-1.72573916287168 14.7376755467617
-5.80474091117239 13.751605374824
-9.60790298995544 10.9642172666724
-13.120320231317 6.21769683565742
-14.9199806981384 0.687052453428628
-14.1087292657133 -3.79579479905129
-11.8331271692652 -6.50666318792376
-10.1031477818843 -8.3249733816357
-9.36133919958281 -10.3620975044009
-8.04167400809692 -12.5897275366312
-4.73060605395885 -14.1360901743627
-0.0878776542640143 -14.5518636755638
3.93484693504868 -14.2097756024245
6.42168171825795 -13.4904189343554
8.27999864664191 -12.1573648067188
10.6359322633824 -9.8347808524982
13.1736336302812 -6.70674153994914
14.5797717110239 -3.25691498654095
14.2076516722598 0.515357709808412
12.5350727696912 4.99087700244893
9.9882410361663 9.84239864200566
6.18064144965985 13.5978204508702
0.918996750116997 14.883941178769
-4.51602643854077 13.9887577661978
-8.05424802308045 12.5832160264883
-9.04744241438859 11.6822985864058
-9.14050707999276 10.3680385038356
-10.3677390222588 7.01936804235332
-12.6728805954283 1.59285978703476
-13.9913700076255 -3.9391152847356
-12.8352339682262 -7.57813269578233
-10.1225014818517 -9.23557366737207
-8.01982238510936 -10.3138764435371
-7.43054124663496 -11.7275577442653
-7.336041733354 -13.0094107282166
-6.53608892528376 -13.4255393941438
-5.18619706921831 -13.2687884144823
-4.12020387651467 -13.4794749412733
-3.23412969682035 -14.2741919019762
-1.49263738307233 -14.8587050947688
1.35643928288368 -14.6389594870393
3.92138400731544 -14.1140204175606
4.68855048135367 -14.0929447444869
4.08051202271383 -14.3638676684915
4.21390832573979 -13.8280808551473
6.44949643645276 -12.0294646965626
9.78915345510143 -9.90669854449322
12.1352298281798 -8.580374127554
12.7387117670139 -7.80419091203766
12.7413046442021 -6.34999133084941
13.3686111314032 -3.95890837573764
14.3763427915133 -2.14035836089996
14.7339152439702 -2.44201328478014
14.3127365030214 -4.24449233880775
14.0681476400379 -5.01775539915862
14.5218050617258 -2.94281624694621
14.8474250319764 1.23581810306863
13.9673524678342 5.2864118574976
12.1060377452061 7.95410907263968
10.516853800527 9.71794261132899
9.71741396977075 11.2525499728621
8.80890583896199 12.0527861470281
7.0033353497837 11.1897247850108
5.25001850287581 9.01009767651363
5.45256116510718 7.22454459996522
8.01135067347674 7.09419087187214
10.9446941633115 8.09423525507234
11.99542932813 8.79197645577603
11.1807230159457 8.6692213728709
