10.9176906567942 5.98667963548266
9.11247789522015 9.34273343654252
10.6753256596252 7.00235330243105
11.736957549055 5.70662556684835
9.74096227576561 8.66831204442096
11.2031960133207 6.6858148732862
10.4068319376086 7.87378651094803
10.6257019611211 3.24986780478806
13.0271784773837 -0.782177467030206
12.1650772223548 -2.10979049454284
10.7573553138329 -7.34910025890869
10.7884304246332 -7.10672111097199
7.38592790831649 -10.7586390667733
-0.997978438209898 -13.0075583765345
-3.99484960937833 -11.7023468818825
-5.44003893838598 -11.8429408015123
-10.2387324242714 -4.08730346755182
-11.2247435703718 -0.160501800926497
-12.7974928539161 2.54814200609878
-11.8286699436136 5.49521943367759
-5.8940062994068 6.54088931633
1.73048938933397 12.8239272662851
10.0689478262454 8.29929690139444
11.8486596255237 5.3377207254275
12.2029455905647 4.61756273720735
9.19359539407732 -9.18197056991564
0.339796629815452 -13.0372953757747
-5.13741725976063 -11.9894286380363
-10.0296704692148 -6.06913578807291
-9.61470361853577 8.81681656001882
-4.62365434774072 12.1453540217027
2.69698213941985 12.7580897596379
11.574637019885 5.89462643198506
7.34618402450902 -8.75358739804026
0.321725852932483 -12.0669493063871
-4.55795376832777 -12.2270893271371
-11.8929273426864 -5.03629116075145
-9.34796278075355 9.0942953609457
-0.401015913670244 13.0306759972944
10.2725879754342 7.89422931241099
12.5951435414178 -3.24398049874746
0.722463836595726 -12.9507578615672
-10.5114218844589 -7.51847435099102
-11.1273482459176 6.81066614557268
3.59646175125816 9.5676591329477
12.9924323668272 -0.811160725433101
4.72072258493005 -12.1556806077584
-6.97706486609233 -11.0259982407052
-12.4064996229893 3.98558820337954
0.42223204804517 8.8511306059
12.8869245527251 2.04607145042719
10.8710624227799 -6.78727527402929
1.91829328548296 -12.8903681444753
-12.9447007224 1.53966260547829
-5.90700881983591 11.6340068801076
12.0213545295198 -1.57569384731475
5.13854138259022 -11.9930833424226
-10.2338096707046 -8.09164873882261
-9.35428949753217 9.0922727753215
8.43953474530981 9.88953045917238
7.85736553511527 -10.4161916479033
-10.855526387113 -7.20574685074288
-7.03307629132497 10.9882071812347
9.3671132792904 8.80620706844491
9.44769519836194 -8.99097410407478
-9.3357805500875 -9.09227060797927
-8.63241603948717 9.78261026849875
11.8327810931916 5.33294711683183
3.15482040681116 -12.6487240316891
-12.3935424275686 -3.97932774061817
-4.19233974728971 12.334585423429
9.80939948291777 -0.87309447873425
0.78519975709275 -13.0252712143188
-10.894813319882 7.1257402296969
11.1588193841331 6.69271989248013
6.80078240300468 -10.3080820082051
-11.5554457411039 6.05702612330115
8.63413054393309 9.78194500745027
2.62934913196781 -10.8061348315748
-13.0228281068979 -0.634575017044
4.45698408746954 12.2307325968574
7.7363298695038 -10.5021281726334
-9.26536763743666 -9.18559967407176
-3.05520005524968 12.6858224137252
10.5504690545185 -7.67711014142972
-10.409107144637 -7.83159181330924
-2.68918607917317 12.7678799655234
11.7433428228719 -5.45341210665774
-13.0405909179036 0.285864761413234
9.77748746134563 8.41571505836905
9.43125028210615 -9.00924724601867
-12.7949870373937 2.57048051906185
12.9514650165065 1.60316343443244
-11.6278980601781 -5.92196449099522
-9.98735696959272 6.92667601698828
12.7489747112712 -1.39601739196859
-12.2211359257552 -4.57309812682979
12.5992054311279 3.38616240741642
3.87087774851027 -3.58439915387711
-12.7193636170939 -2.91903833440386
12.5103000903239 3.32030042725233
-12.7193636170939 -2.91903833440384
3.87087774851028 -3.58439915387711
12.5992054311279 3.38616240741641
-12.2211359257552 -4.57309812682979
12.7489747112712 -1.39601739196857
-9.98735696959271 6.92667601698828
-11.627898060178 -5.92196449099523
12.9514650165065 1.60316343443245
-12.7949870373937 2.57048051906185
9.43125028210616 -9.00924724601866
9.77748746134564 8.41571505836905
-13.0405909179036 0.28586476141323
11.7433428228719 -5.45341210665773
-2.68918607917317 12.7678799655234
-10.409107144637 -7.83159181330925
10.5504690545185 -7.67711014142973
-3.05520005524968 12.6858224137252
-9.26536763743665 -9.18559967407176
7.73632986950381 -10.5021281726334
4.45698408746954 12.2307325968574
-13.0228281068979 -0.634575017044003
2.62934913196782 -10.8061348315748
8.63413054393309 9.78194500745027
-11.5554457411039 6.05702612330115
6.80078240300468 -10.3080820082051
11.1588193841331 6.69271989248014
-10.894813319882 7.12574022969691
0.785199757092742 -13.0252712143188
9.80939948291777 -0.873094478734261
-4.1923397472897 12.334585423429
-12.3935424275686 -3.97932774061815
3.15482040681116 -12.6487240316891
11.8327810931916 5.33294711683182
-8.63241603948718 9.78261026849874
-9.33578055008749 -9.09227060797927
9.44769519836194 -8.99097410407478
9.36711327929041 8.8062070684449
-7.03307629132497 10.9882071812348
-10.855526387113 -7.20574685074287
7.85736553511526 -10.4161916479033
8.43953474530981 9.88953045917237
-9.35428949753217 9.09227277532151
-10.2338096707046 -8.09164873882259
5.13854138259021 -11.9930833424226
12.0213545295198 -1.57569384731477
-5.90700881983592 11.6340068801076
-12.9447007224 1.53966260547829
1.91829328548297 -12.8903681444753
10.8710624227799 -6.78727527402929
12.8869245527251 2.0460714504272
0.422232048045169 8.85113060590001
-12.4064996229893 3.98558820337953
-6.97706486609231 -11.0259982407052
4.72072258493007 -12.1556806077584
12.9924323668272 -0.811160725433082
3.59646175125817 9.56765913294772
-11.1273482459176 6.81066614557268
-10.5114218844589 -7.51847435099102
0.722463836595723 -12.9507578615672
12.5951435414178 -3.24398049874746
10.2725879754342 7.89422931241099
-0.40101591367027 13.0306759972944
-9.34796278075355 9.0942953609457
-11.8929273426863 -5.03629116075145
-4.55795376832775 -12.2270893271371
0.321725852932492 -12.0669493063871
7.34618402450902 -8.75358739804025
11.574637019885 5.89462643198507
2.69698213941986 12.7580897596379
-4.62365434774074 12.1453540217027
-9.61470361853577 8.81681656001882
-10.0296704692148 -6.06913578807291
-5.13741725976064 -11.9894286380363
0.339796629815427 -13.0372953757747
9.19359539407732 -9.18197056991565
12.2029455905647 4.61756273720734
11.8486596255236 5.33772072542749
10.0689478262453 8.29929690139445
1.73048938933396 12.8239272662851
-5.89400629940681 6.54088931633002
-11.8286699436136 5.4952194336776
-12.7974928539161 2.54814200609876
-11.2247435703718 -0.160501800926507
-10.2387324242714 -4.08730346755181
-5.44003893838597 -11.8429408015123
-3.99484960937835 -11.7023468818825
-0.997978438209881 -13.0075583765345
7.38592790831649 -10.7586390667733
10.7884304246332 -7.10672111097199
10.7573553138329 -7.34910025890871
12.1650772223548 -2.10979049454285
13.0271784773837 -0.7821774670302
10.6257019611211 3.24986780478807
10.4068319376085 7.87378651094803
11.2031960133206 6.68581487328621
9.74096227576562 8.66831204442096
11.736957549055 5.70662556684834
10.6753256596251 7.00235330243107
9.11247789522015 9.34273343654253
