3.23178583272593 -0.49329404972521
3.22651075285297 -0.48032638733239
3.21078957413359 -0.441637485384903
3.18493245732588 -0.377866341216706
3.14944963292638 -0.290067138690423
3.10504146937407 -0.179693203154737
3.05258481510103 -0.048574880654973
2.99311585602782 0.101108322651478
2.92780979212521 0.266860917853533
2.8579576935911 0.4459094238239
2.7849409480631 0.635244594499433
2.7102037542404 0.83166724247357
2.63522415357539 1.03183696430073
2.56148411969294 1.23232302939425
2.49043924441451 1.42965666219286
2.42348856936244 1.62038392686156
2.36194511290165 1.80111841548361
2.30700763359997 1.96859294460687
2.25973415356649 2.11970948105712
2.22101773822427 2.25158654586098
2.19156499370178 2.36160338448863
2.17187769964087 2.4474402418101
2.16223794450587 2.50711414037078
2.16269707324776 2.53900962989143
2.17306869434882 2.54190405320308
2.19292592586038 2.51498695793554
2.22160298914204 2.45787337288167
2.25820118576793 2.37061076166892
2.30159921868118 2.25367956273265
2.35046774437048 2.10798732211188
2.40328796983594 1.93485652277256
2.45837403761269 1.73600630950674
2.5138988753006 1.51352840049287
2.5679231240253 1.26985756391906
2.61842670407219 1.0077371193322
2.66334252654691 0.73017999733971
2.70059181817087 0.440425956835146
2.72812049294892 0.14189561505177
2.74393598004539 -0.161858008372465
2.74614390223096 -0.46719969718987
2.73298399402281 -0.770463234568327
2.7028646532853 -1.06800281799
2.65439553458225 -1.35624392185897
2.58641761680948 -1.631732848725
2.49803021126633 -1.89118423375664
2.38861441887376 -2.13152580206981
2.25785259609702 -2.34993972415757
2.10574344752705 -2.54389997022625
1.93261242813986 -2.71120512882342
1.7391172089976 -2.85000622770621
1.52624803549332 -2.95882917428522
1.29532288601173 -3.03659151792478
1.04797741985495 -3.08261332553884
0.786149785200999 -3.09662205388329
0.512060439436185 -3.07875139526109
0.22818721414136 -3.02953416655978
-0.062764065951681 -2.94988940317182
-0.357893027815885 -2.8411039079751
-0.654141808982815 -2.70480858979463
-0.948335219385476 -2.54295000431971
-1.23722344138597 -2.35775758210134
-1.51752665767857 -2.1517070919008
-1.785980960307 -1.92748094233228
-2.03938486726301 -1.68792596961288
-2.27464575651906 -1.43600939363342
-2.48882552121517 -1.17477364799268
-2.67918475422713 -0.907290801768691
-2.84322478548865 -0.636617291487566
-2.97872692105243 -0.365749671029707
-3.08378826862376 -0.0975820652997743
-3.15685357969275 0.165134019224016
-3.19674259278648 0.419826916890846
-3.20267242497499 0.664138500511765
-3.17427462868065 0.895953857598727
-3.11160660702848 1.11342651729119
-3.01515716230269 1.31499887526105
-2.88584603732726 1.49941754436098
-2.72501739748457 1.66574344321205
-2.53442729030082 1.81335652194433
-2.31622520870841 1.94195511250067
-2.07292997188884 2.05154997886673
-1.80740022266695 2.1424532288832
-1.52279992146653 2.21526233254362
-1.22255929260585 2.2708395705495
-0.910331748042451 2.31028731012255
-0.589947375498178 2.33491957149539
-0.265363631247891 2.34623040706075
0.0593860780943598 2.34585966492859
0.380245206403201 2.33555674883686
0.693187529578971 2.31714301635633
0.994270503294251 2.29247347666083
1.27968776099502 2.26339845751071
1.54582000593478 2.23172590840677
1.78928357182065 2.1991849931793
2.00697595822827 2.16739160082687
2.19611768884487 2.13781636862697
2.35428989221415 2.11175576699015
2.47946706522503 2.09030674196129
2.57004454821133 2.07434534957061
2.62486031619277 2.06450974742104
2.64321077236226 2.06118783409703
2.62486031619277 2.06450974742104
2.57004454821133 2.07434534957061
2.47946706522503 2.09030674196129
2.35428989221415 2.11175576699015
2.19611768884487 2.13781636862697
2.00697595822827 2.16739160082687
1.78928357182065 2.1991849931793
1.54582000593478 2.23172590840677
1.27968776099501 2.26339845751071
0.994270503294251 2.29247347666083
0.693187529578971 2.31714301635633
0.3802452064032 2.33555674883686
0.0593860780943593 2.34585966492859
-0.265363631247892 2.34623040706075
-0.58994737549818 2.33491957149539
-0.91033174804245 2.31028731012255
-1.22255929260585 2.2708395705495
-1.52279992146653 2.21526233254362
-1.80740022266695 2.1424532288832
-2.07292997188884 2.05154997886673
-2.31622520870841 1.94195511250067
-2.53442729030082 1.81335652194433
-2.72501739748457 1.66574344321205
-2.88584603732726 1.49941754436098
-3.01515716230269 1.31499887526105
-3.11160660702848 1.11342651729119
-3.17427462868065 0.895953857598728
-3.20267242497499 0.664138500511764
-3.19674259278648 0.419826916890844
-3.15685357969275 0.165134019224016
-3.08378826862376 -0.0975820652997754
-2.97872692105243 -0.365749671029708
-2.84322478548865 -0.636617291487567
-2.67918475422713 -0.907290801768693
-2.48882552121517 -1.17477364799268
-2.27464575651906 -1.43600939363342
-2.03938486726301 -1.68792596961288
-1.785980960307 -1.92748094233228
-1.51752665767857 -2.1517070919008
-1.23722344138597 -2.35775758210134
-0.948335219385476 -2.54295000431971
-0.654141808982814 -2.70480858979463
-0.357893027815884 -2.8411039079751
-0.0627640659516808 -2.94988940317182
0.22818721414136 -3.02953416655978
0.512060439436185 -3.07875139526109
0.786149785201 -3.09662205388329
1.04797741985495 -3.08261332553884
1.29532288601173 -3.03659151792478
1.52624803549332 -2.95882917428522
1.7391172089976 -2.85000622770621
1.93261242813986 -2.71120512882342
2.10574344752705 -2.54389997022625
2.25785259609702 -2.34993972415756
2.38861441887376 -2.13152580206981
2.49803021126633 -1.89118423375664
2.58641761680948 -1.631732848725
2.65439553458224 -1.35624392185897
2.7028646532853 -1.06800281799
2.73298399402281 -0.770463234568326
2.74614390223096 -0.467199697189869
2.74393598004539 -0.161858008372465
2.72812049294892 0.141895615051771
2.70059181817087 0.440425956835147
2.66334252654691 0.73017999733971
2.61842670407219 1.00773711933221
2.5679231240253 1.26985756391906
2.5138988753006 1.51352840049287
2.45837403761269 1.73600630950674
2.40328796983594 1.93485652277256
2.35046774437048 2.10798732211188
2.30159921868119 2.25367956273265
2.25820118576793 2.37061076166892
2.22160298914204 2.45787337288167
2.19292592586038 2.51498695793554
2.17306869434882 2.54190405320308
2.16269707324776 2.53900962989143
2.16223794450587 2.50711414037078
2.17187769964087 2.4474402418101
2.19156499370178 2.36160338448863
2.22101773822427 2.25158654586098
2.25973415356649 2.11970948105712
2.30700763359997 1.96859294460687
2.36194511290165 1.80111841548361
2.42348856936244 1.62038392686156
2.49043924441451 1.42965666219286
2.56148411969294 1.23232302939425
2.63522415357539 1.03183696430073
2.7102037542404 0.831667242473569
2.78494094806311 0.635244594499432
2.8579576935911 0.445909423823899
2.92780979212521 0.266860917853533
2.99311585602782 0.101108322651478
3.05258481510103 -0.0485748806549736
3.10504146937408 -0.179693203154737
3.14944963292638 -0.290067138690424
3.18493245732588 -0.377866341216707
3.21078957413359 -0.441637485384904
3.22651075285297 -0.480326387332391
