0.76785 0.46947
0.64907 0.62342
0.70705 0.55651
0.57128 0.69399
0.75107 0.49517
0.75884 0.48384
0.88443 0.16664
0.88377 0.16993
0.89948 0.024318
0.81317 -0.062945
0.75503 -0.40795
0.64234 -0.6303
0.44871 -0.78013
0.081323 -0.89622
0.03744 -0.89896
-0.3325 -0.83531
-0.57385 -0.6913
-0.87978 -0.1889
-0.89622 0.081174
-0.71956 0.53988
-0.28134 0.85458
-0.070016 0.89668
0.53846 0.7166
0.72457 0.53346
0.88369 -0.1686
0.65668 -0.50422
0.20363 -0.87566
-0.55525 -0.70401
-0.79167 -0.42653
-0.85904 0.26513
-0.46661 0.7688
0.1567 0.88588
0.82599 0.35603
0.87374 -0.20078
0.49794 -0.74878
-0.56589 -0.69292
-0.82392 -0.18822
-0.69729 0.56758
0.014188 0.85452
0.64543 0.60472
0.85959 -0.23819
0.11439 -0.89151
-0.65853 -0.60887
-0.85881 0.26646
0.098177 0.88141
0.72564 0.52974
0.71569 -0.5451
-0.18481 -0.88001
-0.84064 -0.31717
-0.56362 0.70074
0.63447 0.63714
0.82252 -0.3272
0.08362 -0.89539
-0.89144 0.057549
-0.29364 0.85011
0.67997 0.58792
0.67005 -0.58894
-0.61145 -0.65974
-0.69633 0.35734
0.21266 0.87423
0.86696 -0.24047
-0.17995 -0.88125
-0.89142 0.12068
0.089019 0.89525
0.85682 -0.27438
-0.4042 -0.80391
-0.82162 0.36695
0.37509 0.81724
0.77838 -0.45054
-0.59094 -0.6777
-0.47056 0.70423
0.69929 0.56646
0.27834 -0.85584
-0.89343 -0.044559
0.22301 0.87167
0.77255 -0.4104
-0.48984 -0.7548
-0.27801 0.85597
0.89467 -0.097782
-0.43046 -0.79026
-0.63309 0.5071
0.82322 0.36104
-0.12251 -0.89151
-0.72601 0.53187
0.8823 0.17761
-0.18438 -0.88085
-0.77436 0.45096
0.81685 0.37442
-0.21028 -0.87498
-0.46338 0.77153
0.88578 -0.15931
-0.66243 -0.60915
0.029311 0.89887
0.77502 -0.45589
-0.83443 -0.33695
0.53289 0.72521
0.054601 -0.8983
-0.70447 0.5598
0.86535 -0.15428
-0.79245 -0.42181
0.35606 0.82622
0.19497 -0.77827
-0.72116 0.53829
0.89757 -0.058916
-0.71325 -0.51643
0.40877 0.80042
0.0445 -0.89846
-0.44386 0.78255
0.65715 -0.61454
-0.8371 0.32963
0.85978 0.14412
-0.80144 -0.40857
0.63579 0.62607
-0.31867 -0.84129
0.19231 0.87755
0.08683 -0.81888
-0.49075 0.75103
0.55084 -0.67219
-0.63851 0.56133
0.8362 -0.32954
-0.79439 0.22721
0.82788 -0.25793
-0.89877 0.032782
0.88791 -0.0048462
-0.89946 -0.0031773
0.88044 0.16787
-0.89946 -0.0031773
0.88791 -0.0048462
-0.89877 0.032782
0.82788 -0.25793
-0.79439 0.22721
0.8362 -0.32954
-0.63851 0.56133
0.55084 -0.67219
-0.49075 0.75103
0.08683 -0.81888
0.19231 0.87755
-0.31867 -0.84129
0.63579 0.62607
-0.80144 -0.40857
0.85978 0.14412
-0.8371 0.32963
0.65715 -0.61454
-0.44386 0.78255
0.0445 -0.89846
0.40877 0.80042
-0.71325 -0.51643
0.89757 -0.058916
-0.72116 0.53829
0.19497 -0.77827
0.35606 0.82622
-0.79245 -0.42181
0.86535 -0.15428
-0.70447 0.5598
0.054601 -0.8983
0.53289 0.72521
-0.83443 -0.33695
0.77502 -0.45589
0.029311 0.89887
-0.66243 -0.60915
0.88578 -0.15931
-0.46338 0.77153
-0.21028 -0.87498
0.81685 0.37442
-0.77436 0.45096
-0.18438 -0.88085
0.8823 0.17761
-0.72601 0.53187
-0.12251 -0.89151
0.82322 0.36104
-0.63309 0.5071
-0.43046 -0.79026
0.89467 -0.097782
-0.27801 0.85597
-0.48984 -0.7548
0.77255 -0.4104
0.22301 0.87167
-0.89343 -0.044559
0.27834 -0.85584
0.69929 0.56646
-0.47056 0.70423
-0.59094 -0.6777
0.77838 -0.45054
0.37509 0.81724
-0.82162 0.36695
-0.4042 -0.80391
0.85682 -0.27438
0.089019 0.89525
-0.89142 0.12068
-0.17995 -0.88125
0.86696 -0.24047
0.21266 0.87423
-0.69633 0.35734
-0.61145 -0.65974
0.67005 -0.58894
0.67997 0.58792
-0.29364 0.85011
-0.89144 0.057549
0.08362 -0.89539
0.82252 -0.3272
0.63447 0.63714
-0.56362 0.70074
-0.84064 -0.31717
-0.18481 -0.88001
0.71569 -0.5451
0.72564 0.52974
0.098177 0.88141
-0.85881 0.26646
-0.65853 -0.60887
0.11439 -0.89151
0.85959 -0.23819
0.64543 0.60472
0.014188 0.85452
-0.69729 0.56758
-0.82392 -0.18822
-0.56589 -0.69292
0.49794 -0.74878
0.87374 -0.20078
0.82599 0.35603
0.1567 0.88588
-0.46661 0.7688
-0.85904 0.26513
-0.79167 -0.42653
-0.55525 -0.70401
0.20363 -0.87566
0.65668 -0.50422
0.88369 -0.1686
0.72457 0.53346
0.53846 0.7166
-0.070016 0.89668
-0.28134 0.85458
-0.71956 0.53988
-0.89622 0.081174
-0.87978 -0.1889
-0.57385 -0.6913
-0.3325 -0.83531
0.03744 -0.89896
0.081323 -0.89622
0.44871 -0.78013
0.64234 -0.6303
0.75503 -0.40795
0.81317 -0.062945
0.89948 0.024318
0.88377 0.16993
0.88443 0.16664
0.75884 0.48384
0.75107 0.49517
0.57128 0.69399
0.70705 0.55651
0.64907 0.62342
