0.60698 0.66451
0.63599 0.63613
0.60639 0.66504
0.72545 0.53096
0.68337 0.58565
0.69252 0.48929
0.73008 0.52624
0.7992 0.41342
0.82196 0.36646
0.89809 0.056726
0.8898 0.13469
0.89989 0.0052717
0.89767 0.063277
0.85707 -0.27442
0.83882 -0.32566
0.67276 -0.59775
0.65427 -0.60493
0.42167 -0.79506
0.39103 -0.79761
0.0053775 -0.89996
-0.14707 -0.88753
-0.41213 -0.80007
-0.56693 -0.66664
-0.73629 -0.51754
-0.77808 -0.22106
-0.89702 -0.072906
-0.83018 0.34356
-0.75982 0.48229
-0.36212 0.82354
-0.31642 0.84248
0.1203 0.89165
0.41533 0.79833
0.71175 0.55042
0.85961 0.26621
0.88621 -0.15555
0.67411 -0.59612
0.39442 -0.80874
0.014182 -0.89978
-0.39155 -0.81017
-0.6752 -0.59488
-0.88485 -0.16378
-0.8829 0.17357
-0.41431 0.79888
-0.2246 0.87033
0.38986 0.81111
0.67822 0.47784
0.89895 0.042106
0.78778 -0.43389
0.52213 -0.73295
-0.13439 -0.88851
-0.59548 -0.67465
-0.84725 -0.20475
-0.74404 0.5061
-0.40758 0.78008
0.16876 0.8839
0.74388 0.50562
0.89962 0.020576
0.49983 -0.74799
0.142 -0.88854
-0.55 -0.71194
-0.81573 -0.18041
-0.7587 0.41003
-0.22201 0.87181
0.47045 0.76677
0.84568 0.30655
0.72406 -0.53381
0.15892 -0.86393
-0.63296 -0.6395
-0.89931 -0.029682
-0.69818 0.56754
0.10392 0.89374
0.78421 0.44108
0.8751 -0.20921
0.28497 -0.85348
-0.47216 -0.76021
-0.89526 -0.090028
-0.55026 0.70592
0.21881 0.87269
0.77581 0.45197
0.64976 -0.62233
0.10344 -0.89162
-0.7737 -0.45921
-0.72003 0.52543
-0.011447 0.89957
0.79796 0.38754
0.70104 -0.56396
-0.014611 -0.89847
-0.75755 -0.48538
-0.65815 0.58911
0.074782 0.89664
0.87886 0.19138
0.54868 -0.713
-0.37538 -0.80488
-0.89753 -0.018348
-0.28675 0.8515
0.62132 0.64058
0.85057 -0.23311
-0.13622 -0.88929
-0.8734 -0.2149
-0.52578 0.73012
0.61253 0.65898
0.79568 -0.42003
-0.019283 -0.82937
-0.87596 -0.20515
-0.37398 0.8179
0.53666 0.56934
0.75492 -0.48385
-0.22209 -0.87158
-0.88979 0.13271
-0.18898 0.87888
0.84415 0.31074
0.34374 -0.83138
-0.72201 -0.53616
-0.72368 0.53008
0.53041 0.72609
0.78873 -0.4279
-0.25683 -0.8621
-0.89193 0.10734
0.23134 0.86937
0.89304 -0.10816
0.018979 -0.89959
-0.89178 -0.11768
-0.062885 0.8975
0.89897 0.031779
0.24808 -0.86477
-0.87206 -0.22082
-0.16865 0.85405
0.8937 0.098313
0.16659 -0.82627
-0.87183 -0.2212
-0.032777 0.8986
0.89684 0.053197
-0.10967 -0.89305
-0.89483 0.089594
0.38282 0.81419
0.79006 -0.42931
-0.45068 -0.77873
-0.73989 0.50975
0.65806 0.61289
0.42007 -0.79551
-0.82977 -0.34541
-0.32955 0.79527
0.89562 0.083473
-0.21812 -0.87251
-0.81684 0.37718
0.5927 0.57781
0.57461 -0.69225
-0.85873 -0.2685
-0.011338 0.89963
0.86856 -0.23438
-0.42376 -0.74217
-0.6803 0.5883
0.8304 0.34564
0.083529 -0.89457
-0.82735 0.35305
0.43394 0.7643
0.58313 -0.68164
-0.88442 -0.16295
0.21747 0.87297
0.68751 -0.58001
-0.76186 -0.47709
-0.12406 0.89081
0.8109 -0.38951
-0.68495 -0.58335
-0.054764 0.89759
0.79426 -0.42257
-0.61132 -0.65982
-0.25739 0.85898
0.87547 -0.20724
-0.63668 -0.63565
-0.13382 0.88849
0.82393 -0.35866
-0.75644 -0.48494
-0.15943 0.88541
0.83689 -0.33011
-0.82469 -0.35675
0.26609 0.85917
0.5586 -0.7049
-0.84284 0.054141
0.49721 0.7498
0.24345 -0.86582
-0.84756 0.29957
0.8275 0.35266
-0.31718 -0.8414
-0.41468 0.79838
0.85434 -0.17494
-0.7671 -0.45477
0.1331 0.88967
0.56929 -0.69634
-0.89251 0.11175
0.71836 0.54157
-0.25337 -0.86333
-0.451 0.77805
0.80007 -0.41101
-0.76568 -0.26207
0.35639 0.82585
0.16683 -0.88401
-0.76288 0.47579
0.89537 0.087214
-0.72022 -0.53895
0.36382 0.82281
0.28367 -0.85376
-0.65991 0.59392
0.89639 0.013383
-0.75239 -0.49122
0.39054 0.76167
0.208 -0.87463
-0.62146 0.64606
0.86806 -0.23286
-0.87692 -0.20124
0.75457 0.48992
-0.38067 -0.81511
0.0042778 0.89956
0.38594 -0.8126
-0.78726 0.43521
0.86818 -0.15325
-0.81689 -0.2921
0.56616 0.69915
-0.27046 -0.7904
-0.068114 0.84639
0.39839 -0.80594
-0.72275 0.53516
0.87145 -0.22347
-0.89913 0.012124
0.85198 0.28858
-0.70398 -0.55999
0.56994 0.69611
-0.3341 -0.83525
0.050568 0.89801
0.1544 -0.88588
-0.43913 0.78345
0.62638 -0.64557
-0.71071 0.55151
0.80836 -0.28365
-0.88943 0.1338
0.85737 0.032613
-0.85578 -0.27706
0.75784 0.39535
-0.77642 -0.45411
0.64009 0.63216
-0.41567 -0.74971
0.5363 0.72203
-0.31893 -0.8411
0.1931 0.87869
-0.26567 -0.85946
0.0949 0.81603
-0.020732 -0.89616
0.079992 0.89602
0.01446 -0.89963
-0.11456 0.89193
0.087248 -0.85153
-0.11456 0.89193
0.01446 -0.89963
0.079992 0.89602
-0.020732 -0.89616
0.0949 0.81603
-0.26567 -0.85946
0.1931 0.87869
-0.31893 -0.8411
0.5363 0.72203
-0.41567 -0.74971
0.64009 0.63216
-0.77642 -0.45411
0.75784 0.39535
-0.85578 -0.27706
0.85737 0.032613
-0.88943 0.1338
0.80836 -0.28365
-0.71071 0.55151
0.62638 -0.64557
-0.43913 0.78345
0.1544 -0.88588
0.050568 0.89801
-0.3341 -0.83525
0.56994 0.69611
-0.70398 -0.55999
0.85198 0.28858
-0.89913 0.012124
0.87145 -0.22347
-0.72275 0.53516
0.39839 -0.80594
-0.068114 0.84639
-0.27046 -0.7904
0.56616 0.69915
-0.81689 -0.2921
0.86818 -0.15325
-0.78726 0.43521
0.38594 -0.8126
0.0042778 0.89956
-0.38067 -0.81511
0.75457 0.48992
-0.87692 -0.20124
0.86806 -0.23286
-0.62146 0.64606
0.208 -0.87463
0.39054 0.76167
-0.75239 -0.49122
0.89639 0.013383
-0.65991 0.59392
0.28367 -0.85376
0.36382 0.82281
-0.72022 -0.53895
0.89537 0.087214
-0.76288 0.47579
0.16683 -0.88401
0.35639 0.82585
-0.76568 -0.26207
0.80007 -0.41101
-0.451 0.77805
-0.25337 -0.86333
0.71836 0.54157
-0.89251 0.11175
0.56929 -0.69634
0.1331 0.88967
-0.7671 -0.45477
0.85434 -0.17494
-0.41468 0.79838
-0.31718 -0.8414
0.8275 0.35266
-0.84756 0.29957
0.24345 -0.86582
0.49721 0.7498
-0.84284 0.054141
0.5586 -0.7049
0.26609 0.85917
-0.82469 -0.35675
0.83689 -0.33011
-0.15943 0.88541
-0.75644 -0.48494
0.82393 -0.35866
-0.13382 0.88849
-0.63668 -0.63565
0.87547 -0.20724
-0.25739 0.85898
-0.61132 -0.65982
0.79426 -0.42257
-0.054764 0.89759
-0.68495 -0.58335
0.8109 -0.38951
-0.12406 0.89081
-0.76186 -0.47709
0.68751 -0.58001
0.21747 0.87297
-0.88442 -0.16295
0.58313 -0.68164
0.43394 0.7643
-0.82735 0.35305
0.083529 -0.89457
0.8304 0.34564
-0.6803 0.5883
-0.42376 -0.74217
0.86856 -0.23438
-0.011338 0.89963
-0.85873 -0.2685
0.57461 -0.69225
0.5927 0.57781
-0.81684 0.37718
-0.21812 -0.87251
0.89562 0.083473
-0.32955 0.79527
-0.82977 -0.34541
0.42007 -0.79551
0.65806 0.61289
-0.73989 0.50975
-0.45068 -0.77873
0.79006 -0.42931
0.38282 0.81419
-0.89483 0.089594
-0.10967 -0.89305
0.89684 0.053197
-0.032777 0.8986
-0.87183 -0.2212
0.16659 -0.82627
0.8937 0.098313
-0.16865 0.85405
-0.87206 -0.22082
0.24808 -0.86477
0.89897 0.031779
-0.062885 0.8975
-0.89178 -0.11768
0.018979 -0.89959
0.89304 -0.10816
0.23134 0.86937
-0.89193 0.10734
-0.25683 -0.8621
0.78873 -0.4279
0.53041 0.72609
-0.72368 0.53008
-0.72201 -0.53616
0.34374 -0.83138
0.84415 0.31074
-0.18898 0.87888
-0.88979 0.13271
-0.22209 -0.87158
0.75492 -0.48385
0.53666 0.56934
-0.37398 0.8179
-0.87596 -0.20515
-0.019283 -0.82937
0.79568 -0.42003
0.61253 0.65898
-0.52578 0.73012
-0.8734 -0.2149
-0.13622 -0.88929
0.85057 -0.23311
0.62132 0.64058
-0.28675 0.8515
-0.89753 -0.018348
-0.37538 -0.80488
0.54868 -0.713
0.87886 0.19138
0.074782 0.89664
-0.65815 0.58911
-0.75755 -0.48538
-0.014611 -0.89847
0.70104 -0.56396
0.79796 0.38754
-0.011447 0.89957
-0.72003 0.52543
-0.7737 -0.45921
0.10344 -0.89162
0.64976 -0.62233
0.77581 0.45197
0.21881 0.87269
-0.55026 0.70592
-0.89526 -0.090028
-0.47216 -0.76021
0.28497 -0.85348
0.8751 -0.20921
0.78421 0.44108
0.10392 0.89374
-0.69818 0.56754
-0.89931 -0.029682
-0.63296 -0.6395
0.15892 -0.86393
0.72406 -0.53381
0.84568 0.30655
0.47045 0.76677
-0.22201 0.87181
-0.7587 0.41003
-0.81573 -0.18041
-0.55 -0.71194
0.142 -0.88854
0.49983 -0.74799
0.89962 0.020576
0.74388 0.50562
0.16876 0.8839
-0.40758 0.78008
-0.74404 0.5061
-0.84725 -0.20475
-0.59548 -0.67465
-0.13439 -0.88851
0.52213 -0.73295
0.78778 -0.43389
0.89895 0.042106
0.67822 0.47784
0.38986 0.81111
-0.2246 0.87033
-0.41431 0.79888
-0.8829 0.17357
-0.88485 -0.16378
-0.6752 -0.59488
-0.39155 -0.81017
0.014182 -0.89978
0.39442 -0.80874
0.67411 -0.59612
0.88621 -0.15555
0.85961 0.26621
0.71175 0.55042
0.41533 0.79833
0.1203 0.89165
-0.31642 0.84248
-0.36212 0.82354
-0.75982 0.48229
-0.83018 0.34356
-0.89702 -0.072906
-0.77808 -0.22106
-0.73629 -0.51754
-0.56693 -0.66664
-0.41213 -0.80007
-0.14707 -0.88753
0.0053775 -0.89996
0.39103 -0.79761
0.42167 -0.79506
0.65427 -0.60493
0.67276 -0.59775
0.83882 -0.32566
0.85707 -0.27442
0.89767 0.063277
0.89989 0.0052717
0.8898 0.13469
0.89809 0.056726
0.82196 0.36646
0.7992 0.41342
0.73008 0.52624
0.69252 0.48929
0.68337 0.58565
0.72545 0.53096
0.60639 0.66504
0.63599 0.63613
