START_TABLE FREQ:0.0 TEMP:0.0
0,0,0,0,0,0,0,0,0,0,0,0,0,0,0,0,0,0,0,0,0,0,0,0,0,0,0,0,0,0,0,0
0,0,0,0,0,0,0,0,0,0,0,0,0,0,0,0,0,0,0,0,0,0,0,0,0,0,0,0,0,0,0,0
0,0,0,0,0,0,0,0,0,0,0,0,0,0,0,0,0,0,0,0,0,0,0,0,0,0,0,0,0,0,0,0
0,0,0,0,0,0,0,0,0,0,0,0,0,0,0,0,0,0,0,0,0,0,0,0,0,0,0,0,0,0,0,0
0,0,0,0,0,0,0,0,0,0,0,0,0,0,0,0,0,0,0,0,0,0,0,0,0,0,0,0,0,0,0,0
0,0,0,0,0,0,0,0,0,0,0,0,0,0,0,0,0,0,0,0,0,0,0,0,0,0,0,0,0,0,0,0
0,0,0,0,0,0,0,0,0,0,0,0,0,0,0,0,0,0,0,0,0,0,0,0,0,0,0,0,0,0,0,0
0,0,0,0,0,0,0,0,0,0,0,0,0,0,0,0,0,0,0,0,0,0,0,0,0,0,0,0,0,0,0,0
0,0,0,0,0,0,0,0,0,0,0,0,0,0,0,0,0,0,0,0,0,0,0,0,0,0,0,0,0,0,0,0
0,0,0,0,0,0,0,0,0,0,0,0,0,0,0,0,0,0,0,0,0,0,0,0,0,0,0,0,0,0,0,0
0,0,0,0,0,0,0,0,0,0,0,0,0,0,0,0,0,0,0,0,0,0,0,0,0,0,0,0,0,0,0,0
0,0,0,0,0,0,0,0,0,0,0,0,0,0,0,0,0,0,0,0,0,0,0,0,0,0,0,0,0,0,0,0
0,0,0,0,0,0,0,0,0,0,0,0,0,0,0,0,0,0,0,0,0,0,0,0,0,0,0,0,0,0,0,0
0,0,0,0,0,0,0,0,0,0,0,0,0,0,0,0,0,0,0,0,0,0,0,0,0,0,0,0,0,0,0,0
0,0,0,0,0,0,0,0,0,0,0,0,0,0,0,0,0,0,0,0,0,0,0,0,0,0,0,0,0,0,0,0
0,0,0,0,0,0,0,0,0,0,0,0,0,0,0,0,0,0,0,0,0,0,0,0,0,0,0,0,0,0,0,0
0,0,0,0,0,0,0,0,0,0,0,0,0,0,0,0,0,0,0,0,0,0,0,0,0,0,0,0,0,0,0,0
0,0,0,0,0,0,0,0,0,0,0,0,0,0,0,0,0,0,0,0,0,0,0,0,0,0,0,0,0,0,0,0
0,0,0,0,0,0,0,0,0,0,0,0,0,0,0,0,0,0,0,0,0,0,0,0,0,0,0,0,0,0,0,0
0,0,0,0,0,0,0,0,0,0,0,0,0,0,0,0,0,0,0,0,0,0,0,0,0,0,0,0,0,0,0,0
0,0,0,0,0,0,0,0,0,0,0,0,0,0,0,0,0,0,0,0,0,0,0,0,0,0,0,0,0,0,0,0
0,0,0,0,0,0,0,0,0,0,0,0,0,0,0,0,0,0,0,0,0,0,0,0,0,0,0,0,0,0,0,0
0,0,0,0,0,0,0,0,0,0,0,0,0,0,0,0,0,0,0,0,0,0,0,0,0,0,0,0,0,0,0,0
0,0,0,0,0,0,0,0,0,0,0,0,0,0,0,0,0,0,0,0,0,0,0,0,0,0,0,0,0,0,0,0
0,0,0,0,0,0,0,0,0,0,0,0,0,0,0,0,0,0,0,0,0,0,0,0,0,0,0,0,0,0,0,0
0,0,0,0,0,0,0,0,0,0,0,0,0,0,0,0,0,0,0,0,0,0,0,0,0,0,0,0,0,0,0,0
0,0,0,0,0,0,0,0,0,0,0,0,0,0,0,0,0,0,0,0,0,0,0,0,0,0,0,0,0,0,0,0
0,0,0,0,0,0,0,0,0,0,0,0,0,0,0,0,0,0,0,0,0,0,0,0,0,0,0,0,0,0,0,0
0,0,0,0,0,0,0,0,0,0,0,0,0,0,0,0,0,0,0,0,0,0,0,0,0,0,0,0,0,0,0,0
0,0,0,0,0,0,0,0,0,0,0,0,0,0,0,0,0,0,0,0,0,0,0,0,0,0,0,0,0,0,0,0
0,0,0,0,0,0,0,0,0,0,0,0,0,0,0,0,0,0,0,0,0,0,0,0,0,0,0,0,0,0,0,0
0,0,0,0,0,0,0,0,0,0,0,0,0,0,0,0,0,0,0,0,0,0,0,0,0,0,0,0,0,0,0,0
0,0,0,0,0,0,0,0,0,0,0,0,0,0,0,0,0,0,0,0,0,0,0,0,0,0,0,0,0,0,0,0
0,0,0,0,0,0,0,0,0,0,0,0,0,0,0,0,0,0,0,0,0,0,0,0,0,0,0,0,0,0,0,0
0,0,0,0,0,0,0,0,0,0,0,0,0,0,0,0,0,0,0,0,0,0,0,0,0,0,0,0,0,0,0,0
0,0,0,0,0,0,0,0,0,0,0,0,0,0,0,0,0,0,0,0,0,0,0,0,0,0,0,0,0,0,0,0
0,0,0,0,0,0,0,0,0,0,0,0,0,0,0,0,0,0,0,0,0,0,0,0,0,0,0,0,0,0,0,0
0,0,0,0,0,0,0,0,0,0,0,0,0,0,0,0,0,0,0,0,0,0,0,0,0,0,0,0,0,0,0,0
0,0,0,0,0,0,0,0,0,0,0,0,0,0,0,0,0,0,0,0,0,0,0,0,0,0,0,0,0,0,0,0
0,0,0,0,0,0,0,0,0,0,0,0,0,0,0,0,0,0,0,0,0,0,0,0,0,0,0,0,0,0,0,0
0,0,0,0,0,0,0,0,0,0,0,0,0,0,0,0,0,0,0,0,0,0,0,0,0,0,0,0,0,0,0,0
0,0,0,0,0,0,0,0,0,0,0,0,0,0,0,0,0,0,0,0,0,0,0,0,0,0,0,0,0,0,0,0
0,0,0,0,0,0,0,0,0,0,0,0,0,0,0,0,0,0,0,0,0,0,0,0,0,0,0,0,0,0,0,0
0,0,0,0,0,0,0,0,0,0,0,0,0,0,0,0,0,0,0,0,0,0,0,0,0,0,0,0,0,0,0,0
0,0,0,0,0,0,0,0,0,0,0,0,0,0,0,0,0,0,0,0,0,0,0,0,0,0,0,0,0,0,0,0
0,0,0,0,0,0,0,0,0,0,0,0,0,0,0,0,0,0,0,0,0,0,0,0,0,0,0,0,0,0,0,0
0,0,0,0,0,0,0,0,0,0,0,0,0,0,0,0,0,0,0,0,0,0,0,0,0,0,0,0,0,0,0,0
0,0,0,0,0,0,0,0,0,0,0,0,0,0,0,0,0,0,0,0,0,0,0,0,0,0,0,0,0,0,0,0
0,0,0,0,0,0,0,0,0,0,0,0,0,0,0,0,0,0,0,0,0,0,0,0,0,0,0,0,0,0,0,0
0,0,0,0,0,0,0,0,0,0,0,0,0,0,0,0,0,0,0,0,0,0,0,0,0,0,0,0,0,0,0,0
0,0,0,0,0,0,0,0,0,0,0,0,0,0,0,0,0,0,0,0,0,0,0,0,0,0,0,0,0,0,0,0
0,0,0,0,0,0,0,0,0,0,0,0,0,0,0,0,0,0,0,0,0,0,0,0,0,0,0,0,0,0,0,0
0,0,0,0,0,0,0,0,0,0,0,0,0,0,0,0,0,0,0,0,0,0,0,0,0,0,0,0,0,0,0,0
0,0,0,0,0,0,0,0,0,0,0,0,0,0,0,0,0,0,0,0,0,0,0,0,0,0,0,0,0,0,0,0
0,0,0,0,0,0,0,0,0,0,0,0,0,0,0,0,0,0,0,0,0,0,0,0,0,0,0,0,0,0,0,0
0,0,0,0,0,0,0,0,0,0,0,0,0,0,0,0,0,0,0,0,0,0,0,0,0,0,0,0,0,0,0,0
0,0,0,0,0,0,0,0,0,0,0,0,0,0,0,0,0,0,0,0,0,0,0,0,0,0,0,0,0,0,0,0
0,0,0,0,0,0,0,0,0,0,0,0,0,0,0,0,0,0,0,0,0,0,0,0,0,0,0,0,0,0,0,0
0,0,0,0,0,0,0,0,0,0,0,0,0,0,0,0,0,0,0,0,0,0,0,0,0,0,0,0,0,0,0,0
0,0,0,0,0,0,0,0,0,0,0,0,0,0,0,0,0,0,0,0,0,0,0,0,0,0,0,0,0,0,0,0
0,0,0,0,0,0,0,0,0,0,0,0,0,0,0,0,0,0,0,0,0,0,0,0,0,0,0,0,0,0,0,0
0,0,0,0,0,0,0,0,0,0,0,0,0,0,0,0,0,0,0,0,0,0,0,0,0,0,0,0,0,0,0,0
0,0,0,0,0,0,0,0,0,0,0,0,0,0,0,0,0,0,0,0,0,0,0,0,0,0,0,0,0,0,0,0
0,0,0,0,0,0,0,0,0,0,0,0,0,0,0,0,0,0,0,0,0,0,0,0,0,0,0,0,0,0,0,0
END_TABLE
START_TABLE FREQ:58.32 TEMP:0.0
0,0,0,3F,3F,3F,3F,0,1F,1F,1F,1F,0,0,0,0,0,0,0,0,1F,1F,1F,1F,3F,0,3F,3F,0,3F,0,0
28,3F,1E,40,12,3D,4,10,33,6,1B,40,1,18,40,25,13,3,0,1F,2,15,2,2C,0,22,1,19,27,1,3F,2A
26,3F,1A,3F,D,3A,9,A,3A,D,10,3C,7,C,3A,33,24,0,6,D,F,5,2,15,8,B,11,4,3D,13,2A,3F
24,40,16,3F,9,36,F,5,3E,15,7,34,11,3,2D,3D,34,7,16,1,24,0,11,4,1E,0,2C,2,3C,2F,C,39
22,40,13,3D,5,31,17,1,40,1F,1,2A,1F,0,1E,40,3E,16,2A,2,37,A,29,1,36,9,3E,16,24,40,0,1C
20,40,F,3B,2,2C,1F,0,3F,2A,0,1D,2D,3,E,3B,3F,28,3A,E,40,1E,3C,10,40,21,3B,32,8,35,13,3
1E,40,C,39,1,26,27,1,3A,33,4,11,39,C,3,2E,35,38,40,22,39,34,3F,29,34,39,22,40,1,18,33,6
1C,40,9,36,0,1F,2F,4,32,3A,C,7,3F,19,0,1D,24,40,38,35,25,40,2F,3C,1A,3F,7,34,16,2,40,25
1A,3F,6,32,1,19,36,9,28,3F,17,1,3F,28,6,D,11,3C,25,40,E,3A,16,3E,4,2F,1,18,35,8,2A,3E
18,3F,3,2F,3,12,3C,10,1D,40,24,0,37,36,14,2,3,2E,10,3B,1,27,3,2D,3,13,16,2,3F,26,9,37
16,3E,2,2A,6,D,3F,18,12,3D,31,5,2A,3E,26,1,1,1A,2,2A,5,F,3,12,19,1,34,7,2A,3E,2,15
13,3D,1,26,B,8,40,21,9,36,3B,F,1A,40,36,9,A,8,2,14,19,1,18,1,35,7,40,23,A,37,1D,0
11,3C,0,21,11,4,3E,2B,3,2D,40,1C,C,39,3F,19,1D,0,12,3,32,5,32,6,40,22,2E,3D,1,17,3C,11
F,3B,0,1D,18,1,3A,33,0,21,3F,29,2,2C,3E,2B,31,5,29,1,40,1A,40,1E,30,3B,F,3B,1A,1,39,34
D,3A,1,18,1F,0,33,3A,2,16,37,36,0,1B,33,3A,3E,16,3B,10,3A,33,36,37,13,3D,0,1F,3A,D,16,3E
B,38,3,13,26,1,2B,3E,8,B,2C,3E,7,C,20,40,3E,2B,3F,27,23,40,1B,40,0,25,12,3,3C,2F,0,21
A,37,5,F,2D,3,21,40,11,4,1D,40,15,2,E,3A,30,3C,32,3B,A,37,4,2F,B,8,32,6,1E,40,14,2
8,35,8,B,33,6,17,3F,1D,0,F,3B,26,1,2,2B,1B,40,1A,3F,0,1F,3,13,28,1,40,23,2,2B,38,B
6,33,B,8,39,C,E,3B,29,1,5,31,35,8,1,18,8,35,6,32,C,7,19,1,3F,17,2C,3E,A,9,3C,30
5,31,F,5,3D,12,7,34,34,7,0,23,3F,17,C,7,0,20,0,1A,26,0,35,8,38,35,B,38,2D,3,1A,3F
4,2F,14,2,3F,19,2,2B,3C,11,2,14,3F,28,1F,0,8,B,E,6,3C,10,40,23,1A,3F,1,18,40,21,0,23
3,2D,19,1,40,21,0,21,40,1D,B,7,36,37,32,5,1C,0,26,1,3E,2B,30,3C,2,2B,1A,1,2A,3E,14,3
2,2A,1E,0,3F,28,1,17,3E,2A,19,1,26,3F,3E,15,32,5,3B,F,2B,3E,12,3D,7,C,3A,D,8,35,39,C
1,28,23,0,3C,2F,6,E,38,35,28,1,14,3E,3E,2A,3F,18,3F,27,F,3B,0,25,25,0,3C,2F,4,10,3A,32
0,25,28,1,38,36,D,6,2E,3D,36,9,6,33,32,3A,3D,2E,30,3C,0,24,A,8,3E,15,1E,40,25,0,16,3E
0,23,2D,3,32,3B,16,2,21,40,3E,16,0,22,1F,40,2C,3E,17,3F,9,A,27,1,38,35,2,2C,3F,1A,0,1E
0,20,32,5,2B,3E,20,0,15,3E,40,25,4,10,C,39,15,3E,4,2F,23,0,3E,15,1A,3F,9,A,31,3B,19,1
0,1D,36,9,23,40,2B,2,A,37,39,33,11,4,1,27,3,2F,2,15,3B,E,3A,33,1,2A,2B,2,C,39,3D,12
0,1B,39,C,1B,40,34,7,2,2C,2D,3D,23,0,3,13,1,18,13,3,3E,2A,1F,40,9,A,40,1D,2,15,35,38
1,18,3C,11,14,3D,3B,F,0,1F,1E,40,34,7,11,4,F,5,2D,3,2B,3E,5,31,28,1,2F,3C,20,0,E,3B
2,16,3E,16,D,3A,3F,18,3,12,F,3B,3E,16,26,0,26,0,3E,16,F,3B,3,12,3F,18,D,3A,3E,16,2,16
3,13,40,1B,7,34,40,23,B,8,4,30,3F,28,38,A,39,C,3C,2F,0,23,1B,0,36,37,1,19,34,39,22,0
4,11,40,20,3,2D,3D,2D,16,2,0,21,36,37,40,1D,40,23,28,3F,A,9,38,B,16,3E,1A,1,F,3B,3F,1A
5,F,40,25,1,26,38,36,23,0,3,12,26,3F,3B,31,36,37,F,3B,24,0,3F,28,1,26,3A,D,1,19,2E,3D
7,C,3E,2A,0,1E,2F,3C,30,4,E,6,14,3E,2B,3E,20,40,1,26,3B,F,2B,3E,C,7,3C,30,1C,0,8,35
8,A,3C,2F,1,16,26,40,39,C,1C,0,6,32,16,3E,B,38,6,D,3E,2B,D,3A,2C,2,1D,40,3D,12,6,E
A,9,39,33,5,F,1B,40,3F,18,2B,2,0,21,6,32,0,24,1C,0,2A,3E,0,1E,40,1B,2,2A,37,36,2B,2
C,7,36,37,A,9,11,3C,40,25,38,B,4,10,0,1F,6,E,34,7,F,3B,F,5,34,39,A,9,14,3E,40,22
E,5,32,3A,10,5,9,36,3B,31,3F,18,11,4,7,C,19,1,40,1D,0,24,2D,3,14,3E,2B,2,0,1F,27,3F
10,4,2E,3D,17,1,3,2E,32,3A,3F,28,23,0,18,1,2F,4,38,35,9,A,3F,1A,0,24,40,1D,16,2,4,30
13,3,29,3F,1E,0,0,24,27,3F,38,35,33,6,2C,2,3E,15,22,40,22,0,37,36,C,7,31,3B,38,B,9,A
15,2,24,40,26,1,1,1A,1A,3F,2C,3E,3E,14,3B,F,3E,2B,B,38,3A,D,1B,40,2B,2,F,3B,3C,2F,2E,3
17,1,1F,40,2D,3,4,11,F,3B,1D,40,3F,26,40,23,30,3C,0,22,3F,27,4,2F,3F,1A,0,1D,1D,40,40,25
1A,1,1A,3F,33,7,A,9,6,32,F,3B,38,35,38,35,1A,3F,8,B,2F,3C,3,12,36,37,14,2,2,2A,26,40
1C,0,15,3E,39,C,12,3,1,27,5,31,2A,3E,28,3F,7,34,1E,0,14,3E,1A,1,18,3F,34,7,B,8,4,30
1F,0,11,3C,3D,12,1B,0,0,1B,0,23,19,3F,15,3E,0,20,34,7,2,2B,35,8,2,2A,3F,26,2D,3,8,B
21,0,D,39,3F,19,25,0,5,10,2,14,A,37,6,32,7,C,40,1C,3,11,40,22,7,D,2A,3E,40,1F,2B,2
24,0,9,36,40,20,2E,3,C,7,A,9,1,29,0,20,19,1,3A,33,17,1,33,3A,22,0,B,38,2F,3C,40,1F
26,1,6,33,3F,27,36,8,17,1,16,2,1,19,5,E,2E,3,27,3F,30,4,18,3F,3B,F,1,1A,D,3A,2D,3D
28,1,4,2F,3D,2D,3C,10,22,0,24,0,8,B,13,3,3C,11,10,3C,3F,18,3,2D,3E,2C,14,2,0,1B,A,38
2A,2,2,2A,3A,33,3F,18,2D,3,31,5,15,2,25,0,40,25,2,2B,3B,31,3,13,28,3F,33,6,15,2,2,16
2D,3,1,26,35,38,40,21,37,9,3B,E,25,0,35,8,36,37,2,14,28,3F,17,1,C,39,40,22,35,8,1C,0
2F,3,0,22,30,3C,3E,2A,3D,12,40,1A,33,6,3F,17,24,40,10,4,10,3C,30,5,0,20,31,3B,3F,26,3B,F
30,5,0,1D,2A,3F,3B,32,40,1D,3F,27,3D,12,3F,28,11,3C,26,0,1,29,3F,19,C,7,13,3D,2B,3E,3C,30
32,6,1,19,23,40,35,38,3F,28,3A,33,40,21,36,37,4,2F,38,B,3,12,3B,32,26,1,1,27,D,39,1F,40
34,7,2,15,1D,40,2E,3D,3B,31,30,3B,3C,2F,28,3F,0,1D,40,1E,13,3,26,3F,3C,10,8,B,0,1E,4,2F
36,8,4,11,17,3F,26,3F,34,39,25,40,33,3A,17,3F,7,C,3B,32,2A,1,E,3B,3E,2A,21,0,10,4,4,10
37,A,6,E,11,3C,1E,40,2B,3E,19,3F,26,3F,9,37,16,2,2B,3E,3B,F,1,27,2D,3D,3A,D,2D,3,1F,0
38,B,8,B,C,39,16,3F,22,40,E,3A,18,3F,1,29,27,1,18,3F,40,24,4,10,14,3E,3F,27,3F,19,3A,E
3A,D,B,8,8,35,F,3B,18,3F,6,32,C,39,1,1A,37,9,8,35,37,36,16,2,3,2D,30,3C,39,34,3E,2B
3B,E,E,6,5,31,9,37,F,3B,1,28,4,2F,7,C,3F,18,0,24,25,40,2C,2,2,15,16,3E,20,40,28,3F
3C,10,11,4,2,2C,5,31,8,36,0,1D,0,23,12,3,3F,28,3,12,11,3C,3C,11,11,4,3,2E,8,35,D,39
3C,11,14,2,1,27,2,2A,3,2E,3,13,1,17,20,0,37,36,F,5,4,2F,40,25,28,1,2,16,0,1C,0,21
3D,13,18,1,0,21,0,24,1,26,9,A,7,C,2D,3,2A,3E,20,0,0,1C,36,37,3A,E,11,4,D,6,B,8
END_TABLE
START_TABLE FREQ:60.48 TEMP:0.0
0,0,0,3F,3F,3F,3F,0,1F,1F,1F,1F,0,0,0,0,0,0,0,0,1F,1F,1F,1F,3F,0,3F,3F,0,3F,0,0
B,38,7,34,3,2E,12,3,3D,12,E,3B,5,E,3C,2F,1C,0,2,14,9,A,0,1C,4,10,C,7,3C,10,2A,3E
A,37,5,31,1,28,1A,1,40,1C,6,33,F,5,32,3A,2D,3,F,5,1C,0,B,8,18,1,26,1,3E,2C,C,39
9,36,3,2E,0,23,21,0,40,25,1,28,1C,0,24,40,3B,E,21,0,31,5,21,0,30,5,3C,10,28,3F,0,1E
7,34,2,2A,0,1C,29,1,3C,2F,0,1C,2A,2,14,3E,40,1F,34,7,3E,16,37,9,3F,19,3E,2B,C,39,11,4
6,33,1,26,1,16,31,5,36,37,4,10,36,9,7,34,3B,31,3F,18,3E,2C,40,20,3A,33,2A,3F,0,1D,31,5
5,31,0,22,4,11,37,A,2D,3D,D,7,3E,15,0,24,2D,3D,3D,2D,2E,3D,37,37,23,40,D,3A,11,4,40,21
4,2F,0,1E,8,B,3C,11,23,40,18,1,40,24,2,14,1A,3F,2F,3C,17,3F,1F,40,9,37,0,20,30,4,2E,3D
3,2D,1,19,C,7,3F,19,18,3F,25,0,3A,32,D,6,9,36,1A,3F,5,30,8,35,0,1D,D,6,40,1F,D,3A
2,2B,2,15,12,3,40,22,E,3B,31,5,2F,3C,1E,0,0,24,7,34,1,19,0,1D,F,5,2B,2,31,3B,0,1B
1,29,4,11,18,1,3E,2B,6,33,3B,F,1F,40,2F,4,4,11,0,1F,F,5,D,6,2B,2,3F,19,11,3C,18,1
1,27,6,D,1F,0,3A,33,1,28,40,1B,10,3C,3C,11,13,3,8,A,27,1,28,1,3F,17,37,36,0,20,39,C
0,24,9,A,26,1,33,3A,0,1D,3F,29,5,30,40,23,27,1,1D,0,3B,F,3D,12,39,34,19,3F,11,4,3C,2F
0,22,D,6,2D,3,2B,3E,3,12,38,36,0,21,39,34,39,C,33,6,3F,28,3D,2D,1E,40,2,2A,33,6,1D,40
0,20,11,4,33,6,22,40,B,8,2C,3E,4,11,2A,3F,40,20,3F,1A,2F,3C,28,3F,5,31,8,B,3F,26,1,29
0,1D,15,2,38,B,18,3F,15,2,1E,40,10,5,17,3F,39,34,3B,31,15,3E,C,39,3,13,27,1,28,3F,C,7
0,1B,1A,1,3C,11,F,3B,21,0,10,3C,20,0,7,34,27,3F,28,3F,2,2C,0,20,1B,0,3F,17,7,34,31,5
1,18,1F,0,3F,18,8,35,2D,3,5,32,30,4,0,21,11,3C,10,3C,3,12,D,6,38,B,37,37,4,11,3F,27
2,16,24,0,40,20,2,2C,37,A,0,24,3C,11,5,E,2,2C,1,28,18,1,29,1,3F,29,16,3E,22,0,23,40
3,14,29,1,3F,27,0,22,3E,14,2,15,40,22,15,2,2,16,4,10,32,6,3E,15,28,3F,0,25,3E,16,3,2D
4,11,2D,3,3D,2E,1,18,40,21,A,8,3A,32,29,1,F,5,18,1,40,1D,3A,32,A,37,D,6,35,38,B,8
5,F,32,5,39,35,5,F,3D,2D,18,1,2D,3D,39,C,26,0,30,5,37,37,20,40,1,18,2F,4,11,3C,31,5
6,D,36,9,33,3A,C,7,36,37,27,1,1B,40,40,1F,39,C,3F,19,1D,40,6,32,17,1,40,21,0,1C,3F,29
8,B,39,C,2C,3E,14,2,2B,3E,35,8,B,38,3A,33,40,22,3B,31,5,32,2,15,36,9,2D,3D,18,1,20,40
A,9,3C,11,25,40,1F,0,1E,40,3E,14,1,29,29,3F,37,37,26,3F,1,16,18,1,3F,28,B,38,3A,E,1,29
C,7,3E,16,1D,40,29,1,12,3D,40,23,1,17,15,3E,22,40,D,3A,14,2,35,8,28,3F,1,17,3A,33,F,5
E,6,40,1B,15,3E,32,6,7,35,3A,32,B,8,5,31,C,39,0,24,30,4,40,25,9,36,1C,0,17,3F,36,9
10,4,40,20,E,3B,3A,D,1,29,2F,3C,1C,0,0,1D,0,25,7,B,40,1B,2E,3D,1,17,3B,F,0,22,3C,2F
12,3,40,25,8,36,3E,16,0,1C,20,40,2E,3,8,A,5,E,1E,0,37,36,10,3B,19,1,3A,32,13,3,19,3F
15,2,3E,2A,4,2F,40,21,4,10,11,3C,3B,F,1B,0,18,1,36,9,1D,40,0,21,38,B,1A,40,38,A,0,21
17,1,3C,2F,1,28,3E,2B,D,6,5,31,40,21,2F,4,2F,4,40,21,5,31,D,6,3E,2B,1,28,3C,2F,17,1
1A,1,39,33,0,20,39,34,19,1,0,23,3B,32,3D,13,3E,15,35,38,2,16,2B,2,25,40,C,7,1B,40,3C,10
1C,0,36,37,1,18,31,3B,26,1,3,13,2D,3D,3F,27,3E,2C,1D,40,15,2,3F,19,7,34,2F,4,1,26,37,36
1F,0,32,3B,4,11,27,3F,32,6,C,7,1B,40,34,39,2E,3D,7,34,31,5,37,36,3,13,40,22,10,4,10,3C
22,0,2D,3D,8,A,1D,40,3B,F,1A,1,A,38,21,40,17,3F,0,1B,40,1D,1B,40,1D,0,2B,3E,35,8,1,18
24,0,28,3F,E,5,13,3D,40,1B,2A,2,1,28,D,3A,4,30,E,6,37,37,3,2D,3A,E,9,37,3E,2B,20,0
27,1,23,40,15,2,A,38,3F,28,37,A,2,16,1,29,1,1A,27,1,1C,40,5,F,3D,2E,2,15,20,40,3F,17
29,1,1E,40,1D,0,4,2F,39,34,3F,17,C,7,2,15,D,6,3B,F,5,31,1F,0,22,40,1D,0,2,2B,31,3B
2C,2,19,3F,25,0,1,26,30,3C,3F,26,1C,0,F,5,23,0,3F,28,2,16,3A,D,5,32,3C,10,B,8,A,38
2E,3,14,3E,2C,2,0,1C,23,40,39,34,2E,3,22,0,37,A,30,3C,15,2,3E,2A,3,12,3B,32,2F,4,3,12
30,4,F,3B,33,6,3,12,17,3F,2D,3D,3B,F,35,8,40,1E,17,3F,30,4,29,3F,1D,0,1C,40,40,24,25,0
32,6,B,38,38,B,9,A,C,39,1E,40,40,1F,3F,19,39,34,4,2F,3F,1A,D,39,3A,D,2,2A,29,3F,40,1B
34,7,8,35,3C,11,11,4,4,2F,10,3C,3C,30,3E,2C,26,3F,1,17,39,34,0,1F,3E,2C,9,A,7,34,2E,3D
36,9,5,31,3F,18,1B,0,0,23,5,31,2F,3C,31,3B,11,3C,11,4,21,40,D,6,25,40,29,1,4,11,9,37
38,B,3,2D,40,20,24,0,1,17,0,23,1F,40,1E,40,2,2C,29,1,9,36,2A,2,8,35,3F,1A,23,0,3,12
3A,D,1,28,3F,27,2E,3,7,C,2,15,F,3B,C,39,2,16,3C,10,0,1E,3E,15,1,18,35,38,3E,15,23,0
3B,F,0,23,3D,2E,36,8,10,4,A,9,3,2E,1,29,E,5,3F,27,C,7,3B,31,16,2,15,3E,36,37,3F,18
3C,11,0,1E,39,34,3C,10,1B,0,16,2,0,1E,2,16,23,0,32,3A,25,0,24,40,33,6,0,25,15,3E,33,3A
3D,13,1,1A,34,39,3F,19,27,1,24,0,5,F,C,7,36,9,1C,40,3A,E,A,37,40,21,B,8,0,24,10,3B
3E,15,2,15,2E,3D,40,22,32,5,31,5,11,4,1D,0,40,1B,8,35,3F,26,0,1E,32,3B,2A,2,E,6,0,1C
3F,17,4,11,28,3F,3E,2B,3A,D,3B,E,20,0,2F,4,3C,2F,0,20,32,3B,D,6,15,3E,3F,18,2F,4,17,1
3F,19,6,D,21,40,3A,33,3F,17,40,1B,30,4,3C,10,2E,3D,8,B,1A,3F,27,1,2,2A,38,35,40,1F,38,B
40,1C,9,A,1A,40,34,39,40,22,3F,28,3B,F,40,21,1A,40,1B,0,6,32,3C,10,5,E,1C,40,31,3B,3E,2C
40,1E,C,7,14,3E,2C,3E,3D,2D,39,34,40,1D,3B,32,9,37,30,4,0,1C,3F,29,1D,0,4,2F,12,3D,23,40
40,20,10,4,E,3B,24,40,37,36,2F,3C,3E,2C,2E,3D,1,26,3E,14,C,7,2E,3D,37,9,3,12,0,23,5,32
40,22,14,3,A,37,1B,40,2F,3C,23,40,36,38,1E,40,3,13,3F,29,21,0,16,3E,40,22,1A,1,C,7,3,12
40,24,17,1,6,32,14,3D,25,40,17,3F,29,3F,E,3B,F,5,33,3A,36,8,4,2F,34,39,35,8,29,1,1E,0
3F,26,1B,0,3,2D,D,39,1B,40,C,39,1B,40,4,2F,20,0,20,40,40,1C,1,17,1B,40,40,21,3E,15,3A,D
3F,28,1F,0,1,27,7,34,12,3D,4,30,E,3B,0,1F,31,5,E,3A,3B,31,F,5,6,32,34,39,3B,32,3E,2B
3E,2A,23,0,0,21,3,2D,A,37,0,25,5,31,4,11,3C,11,2,2B,2B,3E,26,1,0,1A,1A,40,22,40,28,3F
3E,2C,27,1,0,1C,1,26,4,30,1,1A,0,25,E,6,40,22,1,19,17,3F,39,C,D,6,5,31,9,36,C,39
3D,2D,2A,2,1,16,0,1F,1,27,4,10,1,18,1C,0,3B,31,A,9,7,33,40,20,24,0,1,19,0,1D,0,1F
3C,2F,2E,3,4,11,1,18,0,1F,B,8,6,D,2A,2,2F,3C,19,1,0,21,39,34,38,B,F,5,D,6,D,6
3B,30,31,5,6,D,4,11,2,16,14,2,F,5,36,8,20,40,2B,2,5,F,28,3F,40,1F,26,1,26,1,27,1
END_TABLE
START_TABLE FREQ:62.64 TEMP:0.0
0,0,0,3F,3F,3F,3F,0,1F,1F,1F,1F,0,0,0,0,0,0,0,0,1F,1F,1F,1F,3F,0,3F,3F,0,3F,0,0
0,1D,0,1C,1,19,24,0,40,22,5,31,D,6,37,37,26,1,8,A,15,2,6,D,11,4,21,0,3F,29,D,39
0,1B,1,18,3,13,2C,2,3E,2B,1,26,19,1,29,3F,36,8,19,1,2A,2,19,1,2A,2,38,B,2B,3E,0,1E
1,19,2,14,6,E,33,6,39,34,1,1A,27,1,1A,3F,3F,17,2C,2,3B,E,30,4,3D,12,40,25,F,3B,10,4
1,17,4,11,9,9,39,B,32,3A,5,F,34,7,B,38,3F,29,3B,F,40,24,3F,17,3E,2B,30,3C,0,22,2F,4
2,15,6,D,E,5,3D,12,29,3F,E,6,3D,12,2,2B,34,39,40,23,36,37,3C,2F,2B,3E,14,3E,C,7,40,1E
3,13,9,A,14,2,40,1A,1E,40,19,1,40,20,0,1A,23,40,37,36,21,40,29,3F,11,3C,1,29,2A,2,31,3B
4,11,C,7,1A,1,40,23,14,3E,26,1,3C,2F,8,B,11,3C,24,40,B,38,10,3C,1,27,7,C,3F,18,11,3C
5,10,10,5,21,0,3E,2B,B,38,32,5,32,3A,16,2,3,2E,F,3B,0,23,1,28,7,C,22,0,37,37,0,1F
6,E,13,3,27,1,3A,33,4,2F,3B,F,24,40,28,1,0,1A,2,2A,7,C,5,E,21,0,3B,F,18,3F,12,3
7,C,18,1,2E,3,33,3A,0,24,40,1C,14,3E,37,A,A,9,2,14,1C,0,1C,0,3A,D,3D,2E,1,28,34,7
9,A,1C,0,33,7,2B,3E,1,19,3F,29,7,35,3F,1A,1C,0,11,4,34,7,35,8,3F,29,24,40,A,8,3F,29
A,8,21,0,38,B,22,40,5,E,38,35,1,26,3E,2C,30,5,28,1,40,1C,40,21,2A,3E,7,34,2B,2,24,40
C,7,26,0,3C,11,19,3F,E,6,2C,3E,2,16,32,3B,3E,14,3B,E,39,35,33,39,D,3A,2,15,40,1C,4,30
E,6,2A,2,3F,18,10,3C,18,1,1E,40,B,8,20,40,3F,2A,40,25,22,40,18,3F,0,1F,1B,0,31,3B,7,C
10,4,2F,4,40,1F,8,36,24,0,11,3C,1A,1,E,3A,32,3B,33,39,A,37,3,2D,F,5,39,C,F,3B,2A,1
12,3,33,6,3F,26,3,2D,30,4,6,32,2B,2,2,2B,1D,40,1D,40,0,1E,4,11,2D,3,3E,2C,0,1C,40,1F
15,2,37,9,3D,2D,0,24,39,C,0,25,39,C,1,17,9,36,7,34,C,7,1B,0,40,1C,23,40,17,1,2C,3E
17,1,3A,D,39,34,1,1A,3F,17,2,16,40,1B,C,7,0,22,0,1D,26,1,37,9,34,39,5,32,39,C,8,35
19,1,3C,11,34,39,4,11,40,24,A,9,3D,2D,1E,0,6,D,B,7,3C,10,40,25,16,3E,4,10,3C,2F,5,F
1C,0,3E,16,2D,3D,A,9,3C,30,16,1,32,3A,32,5,19,1,23,0,3E,2B,2E,3D,1,27,22,0,1C,40,28,1
1E,0,40,1B,26,3F,12,3,34,39,26,0,22,40,3E,15,2F,4,39,C,2B,3E,11,3C,A,9,3D,14,1,28,40,1E
21,0,40,20,1E,40,1C,0,28,3F,34,7,10,3C,3F,29,3E,15,40,24,10,3C,0,24,29,1,38,35,D,6,2B,3E
23,0,40,25,17,3F,27,1,1C,40,3D,13,4,2F,33,3A,3E,2B,33,3A,0,25,B,8,3F,19,17,3F,32,5,6,33
26,1,3E,2A,10,3C,30,4,F,3B,40,22,0,1E,20,40,2F,3C,1B,40,8,A,28,1,36,37,0,25,3F,27,7,C
29,1,3C,2F,A,37,38,B,6,33,3B,31,6,D,C,39,18,3F,5,32,22,0,3E,15,16,3E,E,5,24,40,2D,3
2B,2,39,33,5,31,3E,14,1,27,30,3B,15,2,1,28,5,32,1,19,3A,E,3A,33,1,26,31,5,4,2F,40,25
2D,3,36,37,1,2A,40,1E,1,1A,22,40,27,1,3,13,0,1B,10,4,3F,29,1F,40,B,8,40,24,9,A,24,40
30,4,32,3B,0,22,3F,28,6,E,12,3D,37,9,10,4,C,7,29,1,2C,3E,5,30,2B,2,29,3F,2D,3,2,2C
32,6,2D,3D,1,1A,3A,32,F,5,6,33,3F,19,25,0,22,0,3D,12,10,3C,3,12,40,1B,8,35,40,22,D,6
34,7,28,3F,3,12,33,3A,1C,0,0,24,3E,2B,37,A,37,A,3E,2B,0,24,1C,0,33,3A,3,12,28,3F,34,7
36,9,23,40,7,C,2A,3E,29,1,2,15,33,3A,40,1C,40,1F,2C,3E,9,A,38,B,13,3D,21,0,6,32,3D,2D
38,B,1E,40,D,6,20,40,34,7,B,8,22,40,3B,31,38,35,12,3D,23,0,3F,28,0,23,3D,13,6,D,1B,40
3A,D,19,3F,14,2,15,3E,3C,11,19,1,10,3C,2C,3E,24,40,2,2A,3B,F,2A,3E,E,5,38,36,29,1,0,23
3B,F,14,3E,1B,0,C,39,40,1E,28,1,4,2F,17,3F,E,3A,4,10,3E,2A,C,39,2F,4,16,3E,40,1E,15,2
3C,11,F,3B,23,0,5,31,3E,2B,36,9,0,1D,6,33,1,27,18,1,2B,3E,0,1E,40,1F,0,23,2C,3E,3A,E
3D,14,B,38,2B,2,1,28,38,36,3E,16,7,C,0,1F,4,10,31,5,F,3B,10,4,31,3B,10,5,9,36,39,34
3E,16,7,34,32,5,0,1E,2D,3D,40,25,15,2,7,C,16,2,3F,1A,0,24,2E,3,10,3C,32,5,3,12,13,3D
3F,18,4,30,37,A,2,14,21,40,3A,33,27,1,18,1,2C,2,3A,32,9,A,40,1B,0,20,40,25,23,0,0,1C
40,1B,2,2B,3C,10,8,B,14,3E,2E,3D,37,9,2C,2,3D,12,25,40,22,0,36,37,10,5,29,3F,3F,18,1B,0
40,1E,1,27,3F,18,10,4,9,37,1F,40,3F,19,3B,F,3F,28,D,3A,3A,D,1A,3F,2F,4,9,36,33,3A,3D,12
40,20,0,22,40,1F,19,1,2,2C,11,3C,3E,2A,40,23,32,3A,0,24,3F,28,3,2D,40,1E,2,15,F,3B,36,37
40,23,0,1D,3F,27,23,0,0,20,6,32,34,39,38,35,1C,40,6,D,2E,3D,4,10,32,3A,1C,0,0,1B,11,3C
40,25,1,18,3D,2E,2D,3,2,14,0,24,25,40,27,3F,9,36,1B,0,14,3E,1C,0,13,3D,3A,E,18,1,0,1B
3F,27,3,13,39,34,35,8,9,A,2,16,14,3E,14,3E,0,22,33,6,2,2A,37,A,0,25,3C,2F,39,C,1B,0
3E,2A,5,F,34,39,3B,F,13,3,9,9,6,33,5,32,6,D,3F,1A,4,10,40,25,B,8,21,40,3C,2F,3C,10
3E,2C,8,B,2E,3D,3F,18,1F,0,16,2,0,24,0,1F,18,1,3B,31,19,1,30,3C,28,1,4,30,1F,40,39,35
3D,2E,B,8,27,3F,40,22,2B,2,24,0,3,13,6,D,2D,3,28,3F,32,5,14,3E,3E,15,4,10,3,2D,16,3E
3C,30,F,5,20,40,3E,2B,35,8,31,5,D,7,15,2,3C,11,11,3C,40,1B,2,2A,3A,32,1F,0,8,B,0,22
3A,32,13,3,19,3F,3A,33,3C,11,3B,F,1C,0,27,1,40,25,2,2B,3A,33,5,F,21,40,3B,F,27,1,11,4
39,34,18,1,13,3D,33,3A,40,1B,40,1B,2B,2,37,A,36,37,2,15,25,40,1B,0,7,33,3D,2D,3F,17,34,7
37,36,1C,0,D,3A,2B,3E,3F,27,3F,29,38,B,3F,19,24,40,11,4,D,3A,35,8,1,18,25,40,37,37,3F,27
36,37,21,0,8,35,23,40,3B,31,39,35,3F,19,3E,2B,11,3C,26,1,0,26,40,1F,13,3,9,36,18,3F,27,3F
34,39,25,0,4,30,1A,3F,34,39,2E,3D,3F,28,34,39,3,2E,39,B,5,F,37,37,2F,4,1,1A,1,29,8,35
32,3A,29,1,2,2A,12,3D,2B,3E,22,40,38,35,24,40,0,1C,40,1F,18,1,1F,40,3F,19,13,3,8,B,2,14
31,3B,2D,3,0,24,B,38,20,40,15,3E,2C,3E,14,3E,8,B,3A,33,2E,3,9,36,3A,33,2F,4,24,0,1B,0
2F,3C,31,5,0,1D,5,32,16,3E,B,38,1E,40,7,34,18,1,29,3F,3E,14,0,20,23,40,40,1B,3D,12,39,C
2D,3D,34,7,1,17,2,2B,D,3A,3,2E,11,3C,0,25,2A,2,15,3E,3F,2A,9,A,B,38,38,35,3C,2F,3E,2A
2B,3E,37,A,3,12,0,23,6,33,0,23,6,33,2,16,38,B,6,32,32,3B,1E,0,0,21,20,40,25,40,28,3F
29,3F,39,D,6,D,0,1B,2,2A,1,18,1,27,A,9,40,1B,0,20,1E,40,34,7,9,A,8,35,A,37,B,38
28,3F,3C,10,A,9,2,14,0,21,6,D,1,1A,17,1,3E,2B,5,E,B,38,3F,1A,1E,0,0,1D,0,1E,0,1D
26,3F,3D,13,E,5,6,E,1,18,E,6,6,E,26,0,34,39,13,3,1,27,3C,2F,34,7,C,7,D,7,F,5
24,40,3F,16,13,3,B,8,4,10,17,1,F,5,33,6,26,3F,25,0,3,14,2D,3D,40,1B,24,0,26,1,2A,2
22,40,3F,1A,18,1,10,4,A,9,22,0,1A,1,3C,10,16,3F,34,7,F,5,18,3F,3B,31,39,C,3B,F,3E,14
END_TABLE
START_TABLE FREQ:66.96 TEMP:0.0
0,0,0,3F,3F,3F,3F,0,1F,1F,1F,1F,0,0,0,0,0,0,0,0,1F,1F,1F,1F,3F,0,3F,3F,0,3F,0,0
10,4,D,6,C,7,35,8,3C,30,0,23,17,1,2F,3C,2F,4,11,4,23,0,12,3,24,0,35,8,2E,3D,0,1F
12,3,11,4,11,4,3A,E,35,38,1,18,24,0,20,40,3C,10,23,0,36,8,28,1,39,C,40,1F,12,3D,F,5
14,3,14,2,17,1,3E,15,2D,3D,6,D,31,5,11,3C,40,21,35,8,40,1B,3B,F,40,24,35,38,1,26,2D,3
15,2,18,1,1D,0,40,1D,23,40,F,5,3B,F,5,31,3B,32,3F,19,3B,31,3F,26,32,3A,1B,40,9,A,40,1C
17,1,1C,0,23,0,40,25,19,3F,1A,1,40,1C,0,22,2C,3E,3D,2D,2A,3E,32,3A,19,3F,4,30,25,0,34,39
19,1,20,0,29,1,3D,2D,F,3B,27,1,3E,2B,3,11,1A,3F,2F,3C,13,3D,1A,3F,4,2F,3,13,3D,13,14,3E
1C,0,25,0,2F,4,39,34,7,34,33,6,36,37,F,5,9,36,1A,3F,3,2D,5,31,2,14,19,1,3B,32,0,24
1E,0,29,1,35,7,32,3A,2,2B,3B,10,29,3F,1F,0,0,25,7,35,2,16,1,18,17,1,35,8,1F,40,E,5
20,0,2D,3,39,C,2A,3E,0,20,40,1C,19,3F,30,5,3,12,0,20,11,4,11,4,32,6,40,24,4,2F,30,4
22,0,31,5,3D,12,22,40,2,15,3F,29,B,38,3D,12,12,3,8,B,2A,1,2B,2,40,1F,2E,3D,5,F,40,23
25,0,35,8,3F,19,18,3F,8,B,38,35,2,2B,40,23,26,1,1B,0,3C,11,3E,15,34,39,F,3B,22,0,2B,3E
27,1,38,B,40,1F,10,3C,11,4,2D,3D,0,1B,39,34,38,B,32,5,3E,2A,3C,30,18,3F,0,20,3D,13,9,36
29,1,3B,F,3F,26,9,36,1C,0,1F,40,7,C,29,3F,40,1E,3F,18,2E,3D,25,40,2,2B,10,4,38,35,3,13
2B,2,3D,13,3D,2D,3,2E,28,1,11,3C,14,2,16,3F,3A,32,3C,2F,14,3E,B,38,6,D,30,4,18,3F,22,0
2E,3,3F,17,39,33,0,25,33,6,6,33,24,0,7,34,29,3F,2A,3E,2,2B,0,1E,21,0,40,20,1,26,3F,16
30,4,40,1C,34,39,0,1B,3B,F,0,25,34,7,0,22,14,3E,12,3D,4,11,E,5,3B,F,2F,3C,E,6,34,39
32,5,40,21,2E,3D,3,12,3F,1A,1,17,3E,15,5,F,4,2F,2,2B,18,1,2B,2,3D,2E,E,3B,31,5,F,3B
34,7,3F,26,27,3F,9,A,3F,27,9,A,3F,26,14,2,1,19,3,13,33,6,3F,17,23,40,0,1D,40,24,1,18
36,9,3E,2B,20,40,11,4,3A,32,15,2,38,36,28,1,D,6,15,2,40,1D,3A,33,7,33,14,2,28,3F,1E,0
38,A,3C,2F,18,3F,1B,0,31,3B,24,0,29,3F,39,C,22,0,2D,3,37,37,1F,40,2,14,35,8,6,33,3E,15
39,C,39,34,11,3C,25,0,26,40,32,6,17,3F,40,1E,37,9,3E,15,1D,40,5,32,1B,0,3F,29,5,F,34,39
3B,E,36,37,B,38,2F,4,19,3F,3C,11,8,35,3B,32,40,1E,3D,2E,6,32,2,14,39,C,25,40,26,1,D,3A
3C,11,32,3B,6,32,37,A,D,3A,40,20,0,25,2B,3E,39,34,2A,3E,1,17,19,1,3E,2B,6,32,40,1B,2,15
3D,13,2D,3D,2,2B,3D,12,4,30,3C,2F,3,14,16,3E,26,3F,11,3C,14,2,36,8,25,40,4,10,30,3C,22,0
3E,15,28,3F,0,24,40,1C,0,24,32,3B,E,6,6,32,F,3B,1,28,2F,4,40,25,7,34,23,0,C,39,3F,19
3F,18,23,40,0,1C,3F,27,1,17,23,40,1F,0,0,1F,1,29,5,F,40,1B,2E,3D,2,14,3E,15,2,15,2E,3D
40,1A,1E,40,2,14,3C,30,7,C,14,3E,31,5,8,B,3,12,1A,1,38,35,10,3C,1C,0,36,37,20,0,8,35
40,1D,19,3F,6,D,35,38,11,4,7,34,3D,12,19,1,14,2,33,6,1E,40,0,22,3A,D,14,3E,3E,15,5,E
40,20,14,3E,B,8,2C,3E,1E,0,1,26,40,24,2E,3,2B,2,40,1C,6,32,D,6,3D,2E,0,21,34,39,2A,2
40,22,F,3B,12,3,22,40,2B,2,1,17,39,35,3D,11,3D,11,39,35,1,17,2B,2,22,40,12,3,F,3B,40,22
40,25,B,38,19,1,17,3F,36,9,9,9,29,3F,3F,26,3F,28,22,40,14,2,3F,19,5,31,35,7,1,19,26,3F
3F,27,7,34,21,0,E,3A,3D,14,17,1,17,3F,35,38,31,3B,A,37,30,4,37,36,4,10,3F,29,1C,0,3,2E
3E,2A,4,30,29,1,6,33,40,20,26,1,8,35,22,40,1A,40,0,1F,40,1C,1B,40,20,0,25,40,3D,12,B,8
3D,2C,2,2B,30,4,2,2A,3D,2D,34,7,0,25,E,3B,7,34,B,8,37,36,3,2D,3C,11,5,31,37,36,32,6
3C,2F,1,26,36,9,0,1F,36,38,3E,14,3,13,2,2A,0,1E,23,0,1D,40,5,F,3B,31,5,F,13,3D,3E,2B
3B,31,0,21,3B,F,2,15,2B,3E,40,23,F,5,2,16,A,9,39,C,5,32,1F,0,1E,40,24,0,0,1E,1E,40
3A,33,0,1C,3E,16,7,C,1E,40,3B,32,20,0,E,6,1F,0,40,24,2,16,3A,D,3,2E,3F,17,17,1,1,26
38,35,1,17,40,1E,E,5,11,3D,2F,3C,31,5,21,0,34,7,33,3A,14,2,3E,2A,5,E,36,38,3A,D,11,4
36,37,3,12,40,26,18,1,7,35,21,40,3D,12,34,7,40,1B,1A,40,30,4,29,3F,22,0,14,3E,3B,31,37,A
34,39,6,E,3D,2D,22,0,1,29,12,3D,40,23,3F,18,3B,31,6,32,3F,1A,C,39,3C,11,0,22,1A,3F,3C,30
32,3A,9,A,39,33,2C,2,0,1D,6,33,39,34,3E,2C,29,3F,1,1A,39,34,0,1E,3B,31,10,4,1,26,1A,3F
30,3C,D,6,34,39,34,7,4,11,0,25,2B,3E,31,3B,13,3D,E,5,21,40,F,5,20,40,31,5,E,5,0,24
2E,3D,11,4,2E,3D,3B,F,C,7,1,16,1A,3F,1E,40,3,2E,26,1,8,36,2B,2,5,31,40,23,31,5,12,3
2C,3E,16,2,27,3F,3F,18,16,2,9,A,B,38,C,39,1,19,3A,E,0,1D,3F,17,3,12,2D,3D,40,25,37,A
29,3F,1A,1,20,40,40,21,22,0,15,2,2,2A,1,29,D,7,40,25,D,6,3A,33,1C,0,C,39,28,3F,3D,2E
27,3F,1F,0,19,3F,3E,2B,2E,3,23,0,1,19,2,16,21,0,34,39,27,1,21,40,38,B,0,1B,8,35,1D,40
25,40,24,0,12,3D,3A,33,38,A,31,5,8,B,D,7,35,8,1D,40,3B,10,8,35,3F,28,14,2,3,13,1,29
22,40,28,1,C,39,33,3A,3E,14,3B,F,16,2,1E,0,3F,19,9,36,3F,29,1,1A,2C,3E,33,7,1E,0,C,7
20,40,2D,3,7,34,2B,3E,40,20,40,1C,26,1,30,4,3D,2E,0,21,2F,3C,10,4,F,3B,40,23,3C,10,2F,4
1E,40,31,5,3,2E,22,40,3E,2B,3F,29,34,7,3C,11,2F,3C,7,C,17,3F,2B,2,0,22,2E,3D,3B,31,40,22
1C,40,35,7,1,28,19,3F,39,35,38,35,3E,14,40,23,1B,40,1A,0,4,2F,3E,14,B,8,10,3C,1F,40,2C,3E
19,3F,38,B,0,21,11,3C,30,3C,2E,3D,40,23,3A,33,9,37,30,4,1,18,3D,2E,26,1,0,22,4,2F,B,38
17,3F,3A,E,0,1B,A,37,26,3F,21,40,3B,32,2C,3E,0,25,3E,15,F,5,29,3F,3C,11,C,7,4,10,1,18
15,3E,3D,12,2,14,4,30,1B,40,14,3E,30,3C,1B,40,3,13,3F,2A,26,1,10,3C,3E,2C,28,1,1F,0,18,1
13,3D,3E,16,5,F,1,28,11,3C,A,37,22,40,C,39,F,5,32,3A,39,C,1,29,2A,3E,3E,14,3A,E,37,A
11,3C,3F,1A,9,A,0,20,9,36,3,2D,14,3E,2,2C,21,0,1F,40,40,21,4,11,10,3C,3C,30,3E,2B,3F,29
10,3B,40,1E,D,6,1,18,3,2E,0,21,8,35,0,1C,32,6,C,39,38,36,16,2,1,28,26,40,28,3F,29,3F
E,3A,40,22,13,3,4,11,0,24,2,15,1,29,6,D,3D,13,1,29,25,40,2D,3,5,F,C,39,C,39,B,38
C,39,40,25,18,1,8,A,0,1B,8,B,0,1C,12,3,40,24,2,16,10,3C,3D,13,19,1,0,21,0,20,0,1D
B,38,3F,29,1E,0,E,5,3,12,10,4,4,10,20,0,39,34,C,7,3,2D,3F,29,30,5,9,9,C,7,10,4
A,37,3D,2D,23,0,15,2,8,A,1A,0,D,6,2F,4,2C,3E,1D,0,1,19,32,3B,3F,17,21,0,25,0,2C,2
8,36,3C,30,28,1,1B,0,F,5,25,0,18,1,39,D,1C,40,2F,4,B,8,1D,40,3D,2E,37,A,3B,F,3F,17
7,34,3A,33,2D,3,22,0,17,1,2F,4,24,0,3F,19,E,3A,3B,F,1C,0,B,38,2D,3D,40,20,3F,28,3B,31
END_TABLE
START_TABLE FREQ:69.12 TEMP:0.0
0,0,0,3F,3F,3F,3F,0,1F,1F,1F,1F,0,0,0,0,0,0,0,0,1F,1F,1F,1F,3F,0,3F,3F,0,3F,0,0
40,1B,3B,F,35,8,3E,2B,21,40,9,9,2D,3,1C,40,3D,12,26,1,3A,E,30,5,3F,18,3C,2F,2,2C,2D,3
40,1D,3D,13,39,C,3B,32,18,3F,13,3,37,A,E,3A,40,22,37,A,40,22,3E,16,3C,30,27,3F,4,10,3F,1A
40,1F,3E,16,3C,11,36,38,F,3B,1E,0,3E,16,3,2E,3A,33,40,1B,38,36,3D,2D,28,3F,D,3A,1C,0,36,37
40,21,3F,1A,3E,16,2F,3C,7,34,2A,2,40,24,0,1F,2C,3E,3C,2F,24,40,2C,3E,F,3B,0,22,38,A,19,3F
40,23,40,1E,40,1C,27,3F,2,2B,35,8,3B,32,5,F,19,3F,2E,3D,E,3B,14,3E,0,25,B,8,3F,27,1,2A
40,25,40,23,40,23,1F,40,0,21,3D,12,30,3C,11,4,9,36,19,3F,1,28,2,2C,8,B,26,1,2B,3E,9,A
3F,27,3F,27,3F,29,16,3F,1,16,40,1E,22,40,22,0,0,25,7,34,3,11,3,13,20,0,3D,13,D,39,28,1
3F,29,3E,2B,3C,2F,F,3B,6,D,3E,2B,13,3D,32,5,3,12,0,20,15,2,16,2,39,C,3C,30,0,1D,3F,19
3E,2B,3C,2F,39,35,8,35,F,5,37,36,7,34,3D,13,11,4,7,B,2D,3,2F,4,3F,27,22,40,13,3,34,39
3D,2E,3A,33,34,39,3,2D,19,1,2C,3E,0,25,40,25,25,0,1B,0,3E,14,3F,19,2D,3D,7,33,33,6,12,3D
3C,30,37,36,2E,3D,0,25,24,0,1E,40,2,16,38,35,37,A,31,5,3D,2D,3A,33,11,3C,2,15,40,25,0,1F
3B,32,33,39,27,3F,0,1B,2F,4,11,3C,B,8,29,3F,40,1C,3F,17,2B,3E,22,40,0,24,1A,1,2B,3E,14,2
39,34,2F,3C,20,40,3,12,38,B,6,33,19,1,16,3E,3B,30,3D,2E,12,3D,8,36,B,8,38,A,A,37,37,A
38,35,2B,3E,19,3F,8,A,3E,16,1,26,2A,2,7,33,2B,3E,2C,3E,1,29,0,1B,28,1,3F,2A,2,16,3D,2D
36,37,26,3F,12,3D,10,4,40,22,1,18,38,B,0,22,16,3E,14,3E,4,10,10,4,3E,15,27,3F,1C,0,1E,40
34,39,22,40,C,39,19,1,3D,2D,8,B,3F,1A,5,F,5,31,3,2D,1A,1,2D,3,3A,33,8,35,3B,F,1,29
32,3A,1D,40,7,34,23,0,36,37,14,2,3E,2B,14,2,0,1C,2,15,33,7,3F,18,1E,40,2,14,3A,32,D,6
30,3C,18,3F,3,2D,2C,2,2B,3E,22,0,34,39,27,1,A,8,12,3,40,1E,39,35,4,2F,1C,0,19,3F,33,6
2E,3D,13,3D,1,26,35,8,1F,40,31,5,24,40,38,B,1F,0,2A,2,36,37,1E,40,4,10,3B,E,1,26,3F,2A
2C,3E,F,3B,0,1F,3B,F,13,3D,3B,F,13,3D,40,1D,34,7,3D,12,1D,40,5,31,20,0,3C,30,F,5,20,40
29,3F,B,38,1,17,3F,19,9,36,40,1E,5,32,3B,31,40,1A,3E,2B,5,32,3,13,3B,10,1E,40,33,6,1,29
27,3F,7,34,4,10,40,23,2,2B,3D,2D,0,21,2C,3E,3B,31,2D,3D,1,17,19,1,3C,2F,2,2C,3F,28,E,5
24,40,4,30,9,A,3D,2D,0,1E,34,39,4,10,17,3F,29,3F,14,3E,14,2,36,9,21,40,9,A,23,40,35,8
22,40,2,2B,F,5,38,36,3,12,26,3F,11,3,6,33,13,3D,2,2C,2F,4,40,25,5,30,2A,2,3,2E,3D,2D
1F,40,1,26,16,2,2F,3C,B,8,17,3F,23,0,0,20,3,2D,3,12,3F,1A,2D,3D,4,10,40,1C,9,A,1B,40
1D,40,0,21,1E,0,26,3F,17,1,9,37,34,7,7,C,2,16,16,2,38,35,F,3B,20,0,31,3B,2D,3,0,23
1A,3F,0,1C,25,0,1B,40,24,0,1,29,3E,16,18,1,10,4,2F,4,1E,40,0,21,3C,11,E,3A,40,22,15,2
17,3F,1,17,2D,3,11,3C,30,4,1,1A,3F,28,2C,2,27,1,3F,18,6,33,D,6,3B,31,1,1A,28,3F,3A,D
15,3E,3,12,34,7,9,36,3A,D,7,C,36,37,3C,10,3A,E,3B,31,1,17,2B,2,1E,40,18,1,6,32,39,34
12,3D,6,D,39,C,3,2E,3F,19,14,2,26,40,40,24,40,24,26,40,14,2,3F,19,3,2E,39,C,6,D,12,3D
10,3C,A,9,3D,13,0,23,3F,26,23,0,14,3D,36,37,34,39,D,3A,30,4,37,36,6,D,3C,2F,29,1,1,1A
E,3A,E,6,40,1B,1,19,3B,32,32,6,5,32,24,40,1E,40,0,23,40,1B,1A,40,24,0,1E,40,40,1E,1E,0
C,39,12,3,40,22,5,F,31,3B,3C,11,0,21,10,3B,9,37,8,B,37,36,3,2D,3E,14,2,2B,2C,3E,3E,16
A,37,17,1,3E,2A,C,7,25,40,40,20,5,F,2,2C,0,22,1F,0,1D,40,5,F,39,34,9,9,8,35,32,3A
8,35,1C,0,3B,31,14,2,18,3F,3C,2F,12,3,1,17,7,C,37,9,5,32,1F,0,1A,3F,2B,2,4,11,B,38
6,33,21,0,36,37,1F,0,C,39,31,3B,24,0,D,6,1B,0,40,21,1,16,3A,E,2,2A,40,1E,25,0,3,12
5,31,26,1,30,3C,29,1,4,30,23,40,34,7,20,0,31,5,35,38,14,2,3E,2B,8,B,30,3C,3F,19,25,0
4,2F,2B,2,29,3F,32,6,0,23,14,3E,3E,16,33,7,3F,18,1E,40,30,4,28,3F,26,1,D,3A,31,3B,40,1C
3,2D,30,4,21,40,3A,D,1,17,7,35,3F,28,3F,17,3D,2E,7,35,40,1A,B,38,3E,16,0,1A,D,3A,2D,3D
2,2A,34,7,1A,3F,3E,16,7,C,1,27,36,37,3E,2B,2C,3D,0,1D,38,35,0,1D,38,35,17,1,1,18,7,35
1,28,38,B,12,3D,40,20,11,4,1,18,27,3F,32,3B,16,3E,C,7,20,40,10,4,1B,40,38,A,1C,0,5,F
0,25,3B,F,C,39,3F,2A,1D,0,8,B,15,3E,1E,40,5,31,23,0,8,35,2D,3,2,2C,3E,2B,3C,10,28,1
0,23,3D,13,7,34,3A,32,2A,1,14,2,7,34,C,39,0,1B,39,C,0,1B,3F,19,6,D,24,40,3A,33,40,1E
0,20,3F,18,3,2D,33,3A,34,7,23,0,0,25,1,29,B,8,40,23,F,5,38,35,22,0,6,33,19,3F,2D,3D
0,1E,40,1C,1,26,2B,3E,3C,11,31,5,2,14,2,16,1F,0,35,38,28,1,1E,40,3C,10,3,12,1,26,9,36
0,1B,40,21,0,1F,21,40,40,1C,3B,F,C,7,D,6,33,6,1F,40,3D,11,6,32,3D,2E,1E,0,D,6,3,12
1,19,3F,26,1,18,18,3F,3F,28,40,1C,1C,0,1F,0,3F,18,A,37,3E,2B,1,17,24,40,3B,E,2F,4,22,0
1,17,3E,2B,3,11,F,3B,3A,33,3E,2A,2C,2,31,5,3D,2D,0,22,2D,3D,14,3,9,36,3D,2E,40,21,3E,16
2,15,3C,2F,7,C,8,35,32,3B,37,36,39,C,3D,12,30,3C,7,C,14,3E,2F,4,1,1A,23,40,2E,3D,35,38
3,12,3A,33,C,7,3,2E,27,3F,2C,3E,3F,1A,40,24,1C,40,1A,1,2,2C,3F,19,12,3,7,34,D,3A,13,3D
4,10,37,36,12,3,0,25,1C,40,1F,40,3E,2A,38,35,A,37,30,4,2,14,3A,32,2F,4,2,16,0,1D,0,20
5,F,34,39,18,1,0,1C,11,3D,12,3D,36,37,2A,3E,0,26,3E,15,13,3,24,40,3F,1A,17,1,13,3,11,4
6,D,30,3C,1F,0,2,14,9,36,8,35,29,3F,19,3F,3,12,3E,2A,2A,2,B,39,39,34,34,7,32,6,33,6
8,B,2C,3E,25,0,7,C,3,2D,1,2A,1A,3F,A,37,10,4,31,3B,3C,11,0,22,20,40,40,21,40,21,40,24
9,A,28,3F,2B,2,D,6,0,23,0,1D,D,3A,1,29,22,0,1D,40,3F,27,8,B,8,35,32,3A,31,3B,2C,3E
B,8,24,40,31,5,14,2,1,19,4,11,4,2F,1,18,33,6,A,38,33,3A,1E,0,0,1C,17,3F,13,3D,D,3A
C,7,20,40,36,8,1C,0,5,F,B,8,0,21,9,A,3E,15,1,26,1E,40,34,7,D,6,2,2C,1,26,0,1D
E,6,1C,40,3A,D,24,0,B,8,15,2,2,14,16,2,3F,26,3,13,A,38,40,1B,26,0,4,11,8,B,11,4
F,5,18,3F,3D,12,2B,2,13,3,21,0,A,9,25,0,38,36,F,5,0,25,3B,32,3A,E,18,1,22,0,2E,3
11,4,15,3E,3F,17,32,5,1C,0,2C,2,15,2,33,6,29,3F,21,0,4,11,29,3F,40,25,32,5,3A,D,40,1B
13,3,11,3D,40,1C,37,A,25,0,35,8,22,0,3C,11,19,3F,32,6,12,3,13,3D,34,39,3F,1A,3F,28,37,36
14,2,E,3B,40,22,3C,10,2E,3,3C,10,2E,3,40,1F,B,38,3D,14,25,0,4,2F,1E,40,3B,32,2F,3C,1E,40
16,2,C,39,3F,27,3E,16,35,8,3F,1A,38,A,3E,2C,2,2B,40,25,36,9,0,1B,A,37,27,3F,16,3E,6,33
END_TABLE