   3.2312787e+00
   3.0262879e+00
   1.9327965e+00
   2.4081023e-01
  -1.4872917e+00
  -2.6258335e+00
  -2.7435279e+00
  -1.7894963e+00
  -1.1841613e-01
   1.6579104e+00
   2.9225564e+00
   3.2921667e+00
   2.7372579e+00
   1.5414503e+00
   1.3630987e-01
  -1.0962007e+00
  -1.9568247e+00
  -2.4452292e+00
  -2.6735888e+00
  -2.7438283e+00
  -2.6655942e+00
  -2.3590877e+00
  -1.7319303e+00
  -7.7488131e-01
   3.8775250e-01
   1.5273901e+00
   2.4050676e+00
   2.8755924e+00
   2.9415115e+00
   2.7266056e+00
   2.3866824e+00
   2.0126521e+00
   1.5850110e+00
   1.0073299e+00
   1.9775143e-01
  -8.1915008e-01
  -1.8801605e+00
  -2.7366174e+00
  -3.1673932e+00
  -3.0879882e+00
  -2.5908255e+00
  -1.8898885e+00
  -1.1992378e+00
  -6.1664376e-01
  -8.4526140e-02
   5.4273071e-01
   1.3604380e+00
   2.2881934e+00
   3.0435238e+00
   3.2506775e+00
   2.6428142e+00
   1.2529372e+00
  -5.2092823e-01
  -2.0361954e+00
  -2.6765717e+00
  -2.1511861e+00
  -6.6975275e-01
   1.1101338e+00
   2.3596709e+00
   2.4605094e+00
   1.3098586e+00
  -6.0649002e-01
  -2.4220411e+00
  -3.2899737e+00
  -2.7881752e+00
  -1.1314370e+00
   9.1826103e-01
   2.4071114e+00
   2.6430872e+00
   1.5292055e+00
  -3.8646118e-01
  -2.1704634e+00
  -2.9492573e+00
  -2.3256530e+00
  -5.6639158e-01
   1.5273901e+00
   3.0013867e+00
   3.1957533e+00
   2.0457799e+00
   9.7745407e-02
  -1.7582751e+00
  -2.7029284e+00
  -2.3502518e+00
  -8.9413543e-01
   1.0143604e+00
   2.5820431e+00
   3.2203970e+00
   2.7634613e+00
   1.4734259e+00
  -1.3910869e-01
  -1.5678935e+00
  -2.5048502e+00
  -2.8928063e+00
  -2.8415343e+00
  -2.4850616e+00
  -1.8798874e+00
  -1.0056203e+00
   1.4248489e-01
   1.4418254e+00
   2.6001151e+00
