START_TABLE FREQ:0.00 TEMP:0.0
00,00,00,00,00,00,00,00,00,00,00,00,00,00,00,00,00,00,00,00,00,00,00,00,00,00,00,00,00,00,00,00
00,00,00,00,00,00,00,00,00,00,00,00,00,00,00,00,00,00,00,00,00,00,00,00,00,00,00,00,00,00,00,00
00,00,00,00,00,00,00,00,00,00,00,00,00,00,00,00,00,00,00,00,00,00,00,00,00,00,00,00,00,00,00,00
00,00,00,00,00,00,00,00,00,00,00,00,00,00,00,00,00,00,00,00,00,00,00,00,00,00,00,00,00,00,00,00
00,00,00,00,00,00,00,00,00,00,00,00,00,00,00,00,00,00,00,00,00,00,00,00,00,00,00,00,00,00,00,00
00,00,00,00,00,00,00,00,00,00,00,00,00,00,00,00,00,00,00,00,00,00,00,00,00,00,00,00,00,00,00,00
00,00,00,00,00,00,00,00,00,00,00,00,00,00,00,00,00,00,00,00,00,00,00,00,00,00,00,00,00,00,00,00
00,00,00,00,00,00,00,00,00,00,00,00,00,00,00,00,00,00,00,00,00,00,00,00,00,00,00,00,00,00,00,00
00,00,00,00,00,00,00,00,00,00,00,00,00,00,00,00,00,00,00,00,00,00,00,00,00,00,00,00,00,00,00,00
00,00,00,00,00,00,00,00,00,00,00,00,00,00,00,00,00,00,00,00,00,00,00,00,00,00,00,00,00,00,00,00
00,00,00,00,00,00,00,00,00,00,00,00,00,00,00,00,00,00,00,00,00,00,00,00,00,00,00,00,00,00,00,00
00,00,00,00,00,00,00,00,00,00,00,00,00,00,00,00,00,00,00,00,00,00,00,00,00,00,00,00,00,00,00,00
00,00,00,00,00,00,00,00,00,00,00,00,00,00,00,00,00,00,00,00,00,00,00,00,00,00,00,00,00,00,00,00
00,00,00,00,00,00,00,00,00,00,00,00,00,00,00,00,00,00,00,00,00,00,00,00,00,00,00,00,00,00,00,00
00,00,00,00,00,00,00,00,00,00,00,00,00,00,00,00,00,00,00,00,00,00,00,00,00,00,00,00,00,00,00,00
00,00,00,00,00,00,00,00,00,00,00,00,00,00,00,00,00,00,00,00,00,00,00,00,00,00,00,00,00,00,00,00
00,00,00,00,00,00,00,00,00,00,00,00,00,00,00,00,00,00,00,00,00,00,00,00,00,00,00,00,00,00,00,00
00,00,00,00,00,00,00,00,00,00,00,00,00,00,00,00,00,00,00,00,00,00,00,00,00,00,00,00,00,00,00,00
00,00,00,00,00,00,00,00,00,00,00,00,00,00,00,00,00,00,00,00,00,00,00,00,00,00,00,00,00,00,00,00
00,00,00,00,00,00,00,00,00,00,00,00,00,00,00,00,00,00,00,00,00,00,00,00,00,00,00,00,00,00,00,00
00,00,00,00,00,00,00,00,00,00,00,00,00,00,00,00,00,00,00,00,00,00,00,00,00,00,00,00,00,00,00,00
00,00,00,00,00,00,00,00,00,00,00,00,00,00,00,00,00,00,00,00,00,00,00,00,00,00,00,00,00,00,00,00
00,00,00,00,00,00,00,00,00,00,00,00,00,00,00,00,00,00,00,00,00,00,00,00,00,00,00,00,00,00,00,00
00,00,00,00,00,00,00,00,00,00,00,00,00,00,00,00,00,00,00,00,00,00,00,00,00,00,00,00,00,00,00,00
00,00,00,00,00,00,00,00,00,00,00,00,00,00,00,00,00,00,00,00,00,00,00,00,00,00,00,00,00,00,00,00
00,00,00,00,00,00,00,00,00,00,00,00,00,00,00,00,00,00,00,00,00,00,00,00,00,00,00,00,00,00,00,00
00,00,00,00,00,00,00,00,00,00,00,00,00,00,00,00,00,00,00,00,00,00,00,00,00,00,00,00,00,00,00,00
00,00,00,00,00,00,00,00,00,00,00,00,00,00,00,00,00,00,00,00,00,00,00,00,00,00,00,00,00,00,00,00
00,00,00,00,00,00,00,00,00,00,00,00,00,00,00,00,00,00,00,00,00,00,00,00,00,00,00,00,00,00,00,00
00,00,00,00,00,00,00,00,00,00,00,00,00,00,00,00,00,00,00,00,00,00,00,00,00,00,00,00,00,00,00,00
00,00,00,00,00,00,00,00,00,00,00,00,00,00,00,00,00,00,00,00,00,00,00,00,00,00,00,00,00,00,00,00
00,00,00,00,00,00,00,00,00,00,00,00,00,00,00,00,00,00,00,00,00,00,00,00,00,00,00,00,00,00,00,00
00,00,00,00,00,00,00,00,00,00,00,00,00,00,00,00,00,00,00,00,00,00,00,00,00,00,00,00,00,00,00,00
00,00,00,00,00,00,00,00,00,00,00,00,00,00,00,00,00,00,00,00,00,00,00,00,00,00,00,00,00,00,00,00
00,00,00,00,00,00,00,00,00,00,00,00,00,00,00,00,00,00,00,00,00,00,00,00,00,00,00,00,00,00,00,00
00,00,00,00,00,00,00,00,00,00,00,00,00,00,00,00,00,00,00,00,00,00,00,00,00,00,00,00,00,00,00,00
00,00,00,00,00,00,00,00,00,00,00,00,00,00,00,00,00,00,00,00,00,00,00,00,00,00,00,00,00,00,00,00
00,00,00,00,00,00,00,00,00,00,00,00,00,00,00,00,00,00,00,00,00,00,00,00,00,00,00,00,00,00,00,00
00,00,00,00,00,00,00,00,00,00,00,00,00,00,00,00,00,00,00,00,00,00,00,00,00,00,00,00,00,00,00,00
00,00,00,00,00,00,00,00,00,00,00,00,00,00,00,00,00,00,00,00,00,00,00,00,00,00,00,00,00,00,00,00
00,00,00,00,00,00,00,00,00,00,00,00,00,00,00,00,00,00,00,00,00,00,00,00,00,00,00,00,00,00,00,00
00,00,00,00,00,00,00,00,00,00,00,00,00,00,00,00,00,00,00,00,00,00,00,00,00,00,00,00,00,00,00,00
00,00,00,00,00,00,00,00,00,00,00,00,00,00,00,00,00,00,00,00,00,00,00,00,00,00,00,00,00,00,00,00
00,00,00,00,00,00,00,00,00,00,00,00,00,00,00,00,00,00,00,00,00,00,00,00,00,00,00,00,00,00,00,00
00,00,00,00,00,00,00,00,00,00,00,00,00,00,00,00,00,00,00,00,00,00,00,00,00,00,00,00,00,00,00,00
00,00,00,00,00,00,00,00,00,00,00,00,00,00,00,00,00,00,00,00,00,00,00,00,00,00,00,00,00,00,00,00
00,00,00,00,00,00,00,00,00,00,00,00,00,00,00,00,00,00,00,00,00,00,00,00,00,00,00,00,00,00,00,00
00,00,00,00,00,00,00,00,00,00,00,00,00,00,00,00,00,00,00,00,00,00,00,00,00,00,00,00,00,00,00,00
00,00,00,00,00,00,00,00,00,00,00,00,00,00,00,00,00,00,00,00,00,00,00,00,00,00,00,00,00,00,00,00
00,00,00,00,00,00,00,00,00,00,00,00,00,00,00,00,00,00,00,00,00,00,00,00,00,00,00,00,00,00,00,00
00,00,00,00,00,00,00,00,00,00,00,00,00,00,00,00,00,00,00,00,00,00,00,00,00,00,00,00,00,00,00,00
00,00,00,00,00,00,00,00,00,00,00,00,00,00,00,00,00,00,00,00,00,00,00,00,00,00,00,00,00,00,00,00
00,00,00,00,00,00,00,00,00,00,00,00,00,00,00,00,00,00,00,00,00,00,00,00,00,00,00,00,00,00,00,00
00,00,00,00,00,00,00,00,00,00,00,00,00,00,00,00,00,00,00,00,00,00,00,00,00,00,00,00,00,00,00,00
00,00,00,00,00,00,00,00,00,00,00,00,00,00,00,00,00,00,00,00,00,00,00,00,00,00,00,00,00,00,00,00
00,00,00,00,00,00,00,00,00,00,00,00,00,00,00,00,00,00,00,00,00,00,00,00,00,00,00,00,00,00,00,00
00,00,00,00,00,00,00,00,00,00,00,00,00,00,00,00,00,00,00,00,00,00,00,00,00,00,00,00,00,00,00,00
00,00,00,00,00,00,00,00,00,00,00,00,00,00,00,00,00,00,00,00,00,00,00,00,00,00,00,00,00,00,00,00
00,00,00,00,00,00,00,00,00,00,00,00,00,00,00,00,00,00,00,00,00,00,00,00,00,00,00,00,00,00,00,00
00,00,00,00,00,00,00,00,00,00,00,00,00,00,00,00,00,00,00,00,00,00,00,00,00,00,00,00,00,00,00,00
00,00,00,00,00,00,00,00,00,00,00,00,00,00,00,00,00,00,00,00,00,00,00,00,00,00,00,00,00,00,00,00
00,00,00,00,00,00,00,00,00,00,00,00,00,00,00,00,00,00,00,00,00,00,00,00,00,00,00,00,00,00,00,00
00,00,00,00,00,00,00,00,00,00,00,00,00,00,00,00,00,00,00,00,00,00,00,00,00,00,00,00,00,00,00,00
00,00,00,00,00,00,00,00,00,00,00,00,00,00,00,00,00,00,00,00,00,00,00,00,00,00,00,00,00,00,00,00
END_TABLE
START_TABLE FREQ:58.32 TEMP:0.0
1F,1F,1F,1F,1F,1F,1F,1F,1F,1F,1F,1F,1F,1F,1F,1F,3F,3F,1F,1F,1F,1F,1F,1F,1F,1F,1F,1F,1F,1F,1F,1F
3F,3F,00,00,3F,38,3F,00,00,3F,00,00,30,00,3F,08,00,00,3F,08,3F,38,3F,38,38,3F,08,00,08,00,00,00
00,38,3F,3F,00,30,00,38,00,00,3F,38,08,3F,00,3F,3F,3F,00,18,00,00,00,00,00,00,20,3F,3F,3F,3F,3F
00,3F,3F,08,00,3F,08,3F,00,00,38,3F,00,3F,00,30,3F,38,00,18,00,00,00,00,30,00,08,3F,10,3F,3F,3F
38,3F,3F,00,08,3F,38,3F,00,00,3F,08,3F,3F,08,3F,3F,20,00,38,00,00,00,00,00,00,30,3F,3F,3F,3F,3F
3F,3F,00,00,3F,3F,3F,38,00,28,3F,00,38,38,10,3F,3F,00,08,3F,00,08,00,00,00,00,38,3F,38,3F,3F,3F
3F,00,00,00,3F,10,3F,00,00,3F,10,00,3F,10,3F,28,3F,00,28,3F,00,28,00,30,00,00,3F,3F,3F,3F,3F,3F
3F,00,00,30,3F,00,3F,00,00,3F,00,00,3F,00,3F,38,38,00,10,3F,00,28,00,38,00,00,38,3F,38,3F,3F,3F
3F,3F,3F,00,10,3F,18,3F,00,00,3F,38,00,30,00,00,08,3F,00,00,38,00,3F,00,3F,30,00,00,00,00,00,00
00,00,38,3F,00,00,00,00,3F,10,00,08,08,00,3F,00,00,00,3F,38,08,3F,00,3F,00,00,3F,3F,38,3F,3F,3F
00,3F,3F,18,00,00,00,00,3F,00,00,18,20,00,38,00,00,00,3F,30,00,38,00,30,00,00,3F,3F,3F,3F,3F,3F
3F,3F,3F,00,00,38,00,38,38,00,00,38,00,00,18,00,00,00,3F,10,08,3F,00,3F,00,18,3F,3F,3F,3F,3F,3F
00,00,00,3F,3F,00,20,00,10,3F,00,00,3F,10,10,3F,3F,10,00,38,08,00,38,00,3F,08,00,00,00,00,00,00
00,3F,3F,3F,08,00,00,00,3F,3F,00,00,3F,00,3F,38,38,00,00,3F,00,00,30,00,3F,00,00,00,00,00,00,00
3F,00,00,00,3F,3F,3F,3F,00,08,3F,3F,00,28,00,00,08,10,3F,00,18,3F,00,3F,00,38,3F,3F,3F,3F,3F,3F
00,00,00,3F,3F,00,3F,00,00,30,3F,00,08,3F,00,08,00,3F,00,00,3F,38,28,3F,00,38,3F,3F,3F,3F,3F,3F
00,00,00,3F,3F,00,3F,10,00,00,3F,28,00,3F,08,00,00,10,3F,00,08,3F,00,3F,00,00,08,3F,00,3F,00,3F
3F,00,00,00,3F,3F,28,3F,00,00,18,3F,00,00,3F,00,00,00,38,3F,00,08,00,00,3F,00,00,00,08,00,00,00
3F,3F,3F,00,00,10,00,00,3F,20,08,00,3F,00,20,3F,3F,18,00,00,3F,00,3F,38,00,38,3F,08,3F,3F,3F,3F
3F,00,00,00,08,3F,00,3F,38,00,00,10,38,00,3F,3F,3F,00,00,18,18,00,3F,00,20,3F,3F,00,3F,3F,3F,3F
3F,00,00,00,30,3F,00,3F,30,00,00,38,20,00,3F,08,3F,00,00,10,38,00,3F,08,00,3F,3F,08,3F,3F,3F,3F
3F,3F,3F,00,00,00,00,00,30,3F,10,00,38,3F,00,28,00,3F,38,00,18,3F,00,38,00,00,00,3F,00,00,00,00
00,38,00,3F,3F,00,3F,00,00,00,38,3F,00,10,3F,00,18,00,08,3F,00,00,3F,00,38,3F,3F,00,3F,3F,3F,3F
00,3F,3F,3F,38,00,3F,00,00,08,3F,30,00,00,20,00,00,00,00,3F,00,00,3F,00,30,3F,3F,08,3F,3F,3F,3F
00,38,00,3F,3F,00,3F,18,00,00,20,3F,00,00,3F,00,3F,00,00,10,38,00,3F,3F,00,30,3F,3F,00,3F,00,3F
3F,3F,3F,38,08,00,3F,00,00,28,3F,38,00,00,38,00,30,00,00,30,10,00,3F,08,00,3F,3F,3F,00,3F,00,3F
00,08,00,00,38,3F,00,3F,3F,00,00,00,3F,20,00,30,00,38,3F,00,08,38,00,00,3F,00,00,00,3F,00,3F,3F
00,00,00,18,30,3F,00,3F,3F,00,00,00,3F,3F,08,38,08,20,3F,08,00,20,00,00,3F,3F,3F,00,3F,3F,3F,3F
3F,00,3F,00,00,00,10,00,00,38,3F,10,00,00,3F,08,38,00,00,20,3F,00,3F,3F,00,00,00,3F,00,28,00,00
3F,3F,3F,3F,3F,00,3F,08,00,00,00,38,20,00,38,3F,3F,3F,38,00,08,3F,00,00,3F,00,10,00,3F,00,3F,3F
3F,3F,3F,00,00,00,3F,00,00,00,18,3F,00,00,3F,38,3F,30,00,00,18,3F,00,38,38,00,00,00,3F,00,3F,3F
3F,00,3F,00,00,00,00,00,00,3F,3F,38,00,00,3F,08,3F,00,00,00,3F,3F,00,30,38,00,00,00,3F,00,3F,3F
00,3F,3F,3F,38,00,3F,3F,00,00,00,08,3F,00,00,20,00,3F,3F,38,00,10,3F,00,08,3F,3F,38,00,3F,00,3F
00,00,00,20,00,3F,00,00,28,3F,3F,00,00,10,3F,00,3F,08,00,00,3F,38,00,38,28,00,00,00,3F,00,3F,3F
00,3F,00,3F,3F,3F,00,3F,3F,38,28,00,00,3F,10,00,38,00,00,08,3F,18,00,3F,00,00,00,00,3F,00,3F,3F
00,3F,00,3F,38,3F,00,3F,3F,38,38,00,00,30,3F,08,38,00,00,00,3F,3F,00,10,3F,00,30,00,3F,3F,08,3F
00,3F,00,38,3F,3F,00,3F,3F,3F,3F,00,00,38,3F,00,3F,00,08,00,18,3F,00,00,3F,10,3F,00,20,3F,00,3F
3F,00,3F,00,00,00,3F,00,00,00,00,18,3F,10,00,00,00,00,18,3F,30,00,38,3F,00,00,00,00,3F,00,3F,3F
3F,3F,3F,3F,3F,00,10,3F,3F,00,10,00,00,3F,10,00,38,00,00,00,30,3F,00,00,3F,08,3F,00,08,3F,00,00
3F,38,3F,38,3F,00,3F,3F,3F,00,28,00,00,3F,20,00,3F,00,00,00,20,3F,00,00,3F,3F,3F,38,00,3F,00,00
00,3F,00,3F,38,3F,00,00,00,3F,3F,30,00,00,38,38,00,38,3F,30,08,00,3F,28,00,00,00,38,00,08,3F,3F
00,3F,00,28,00,3F,00,00,00,38,10,3F,3F,00,00,28,00,00,18,3F,30,00,20,3F,08,00,00,00,3F,3F,00,3F
00,00,08,00,00,38,38,00,00,00,00,30,3F,10,00,00,00,00,00,38,3F,38,00,28,3F,18,3F,08,00,3F,00,00
3F,00,3F,00,38,00,3F,3F,3F,00,38,00,00,20,3F,00,3F,38,38,00,00,10,3F,00,00,38,00,38,3F,00,3F,3F
00,00,08,00,00,00,3F,00,3F,00,00,00,00,3F,38,00,00,20,00,00,00,30,3F,00,00,38,00,3F,3F,00,3F,3F
00,00,00,00,00,00,3F,00,00,00,00,00,10,3F,30,00,3F,00,00,00,00,38,3F,00,00,38,00,3F,3F,00,3F,3F
3F,00,00,20,3F,00,00,3F,3F,3F,3F,10,00,00,08,3F,00,3F,3F,3F,38,00,00,3F,3F,00,3F,00,00,3F,00,00
00,00,00,00,00,00,3F,18,00,08,00,00,00,3F,3F,00,3F,3F,3F,00,00,08,3F,3F,00,00,08,00,30,3F,08,00
00,00,00,00,00,00,3F,38,38,00,20,00,00,00,3F,10,00,3F,3F,10,08,00,00,3F,38,00,3F,00,00,3F,00,00
00,08,38,00,38,00,38,3F,3F,38,3F,00,00,00,08,3F,00,30,08,3F,3F,20,00,00,3F,3F,3F,3F,00,00,3F,3F
3F,3F,30,3F,3F,3F,08,00,00,30,00,20,3F,38,00,00,3F,00,10,00,00,28,3F,00,00,00,00,00,3F,3F,00,3F
00,00,00,00,00,00,3F,20,3F,00,38,00,00,00,20,3F,00,30,00,3F,3F,08,08,00,3F,3F,3F,3F,00,00,3F,3F
00,00,3F,00,28,00,18,3F,3F,38,3F,08,18,00,08,38,00,00,00,10,10,3F,00,00,00,3F,00,3F,3F,00,00,3F
00,3F,00,00,00,00,3F,08,38,00,10,00,00,00,28,3F,00,30,00,3F,3F,30,00,00,28,3F,08,3F,10,00,3F,3F
00,00,3F,00,38,00,00,3F,3F,3F,3F,38,3F,00,00,00,10,00,00,00,00,18,3F,00,00,00,00,00,3F,3F,00,00
00,00,00,00,00,00,38,3F,3F,30,3F,08,30,00,00,28,00,00,00,00,00,3F,38,00,00,00,00,00,30,3F,00,00
3F,00,3F,3F,3F,38,00,00,00,00,00,28,08,3F,3F,00,38,3F,3F,10,38,00,00,3F,3F,38,3F,3F,08,00,3F,3F
3F,3F,18,3F,00,3F,38,00,10,00,00,00,00,08,38,3F,00,20,08,3F,38,38,08,00,00,3F,00,38,3F,00,00,3F
00,00,3F,00,00,08,00,3F,00,3F,10,3F,3F,20,00,00,3F,08,3F,00,08,00,00,3F,3F,00,3F,3F,00,00,3F,3F
00,00,00,00,00,00,38,3F,28,3F,28,3F,3F,00,08,00,3F,00,3F,00,00,00,00,3F,3F,00,3F,3F,00,00,3F,3F
00,3F,00,00,00,00,38,3F,3F,3F,3F,18,38,00,00,00,3F,08,30,00,08,00,00,3F,3F,00,3F,3F,00,00,3F,3F
00,00,08,00,38,00,00,3F,00,38,08,38,20,3F,3F,00,3F,3F,3F,38,3F,00,08,08,18,3F,00,3F,3F,00,00,3F
3F,3F,00,3F,00,30,3F,00,3F,08,3F,08,20,00,00,08,3F,00,30,00,00,00,18,3F,3F,00,3F,38,08,00,3F,3F
08,00,38,00,3F,00,00,38,00,38,00,3F,28,3F,3F,00,00,3F,10,3F,3F,28,08,00,08,30,00,00,3F,3F,00,00
END_TABLE
START_TABLE FREQ:60.48 TEMP:0.0
1F,1F,1F,1F,1F,1F,1F,1F,1F,1F,1F,1F,1F,1F,1F,1F,3F,3F,1F,1F,1F,1F,1F,1F,1F,1F,1F,1F,1F,1F,1F,1F
3F,38,00,00,38,3F,3F,10,00,3F,30,00,38,00,3F,10,00,00,3F,08,3F,38,3F,3F,3F,3F,00,00,00,00,00,3F
3F,3F,00,00,3F,3F,3F,38,00,3F,38,00,3F,18,3F,38,20,00,3F,38,00,38,30,3F,10,3F,38,00,00,00,00,00
00,10,3F,3F,00,00,00,00,3F,00,00,3F,00,00,00,00,00,38,00,00,38,00,38,00,38,00,00,3F,00,00,3F,3F
3F,00,00,10,3F,3F,3F,00,00,38,3F,00,3F,00,3F,38,30,00,3F,38,00,3F,00,3F,00,3F,3F,00,00,00,00,00
10,3F,3F,00,00,38,00,3F,08,00,38,3F,00,3F,00,00,20,3F,00,00,38,00,08,00,38,00,00,3F,08,3F,3F,3F
3F,38,00,00,3F,3F,3F,3F,00,00,3F,18,00,3F,00,3F,3F,38,00,10,00,00,00,00,00,00,08,3F,3F,3F,3F,3F
3F,00,00,00,3F,3F,3F,28,00,10,3F,00,28,3F,00,3F,3F,10,00,38,00,00,00,00,00,00,00,3F,38,3F,3F,3F
08,3F,3F,00,00,30,00,3F,00,08,00,3F,00,00,00,00,00,38,10,00,3F,28,3F,08,3F,38,00,00,00,00,00,00
3F,3F,3F,00,00,3F,00,3F,08,00,08,3F,00,00,08,00,00,3F,00,00,3F,10,3F,10,3F,3F,00,00,00,00,00,00
00,08,3F,3F,00,00,00,00,3F,3F,00,00,3F,00,3F,38,3F,00,3F,3F,00,00,00,10,00,00,18,3F,38,3F,3F,3F
00,3F,3F,3F,00,00,00,00,3F,38,00,00,3F,00,3F,10,3F,00,00,3F,00,00,00,00,00,00,18,3F,38,3F,3F,3F
00,20,3F,3F,38,00,00,00,30,3F,00,00,3F,00,3F,38,3F,00,00,30,00,00,00,00,38,00,00,20,00,30,00,3F
08,3F,3F,00,00,00,00,00,3F,38,00,00,3F,00,3F,08,3F,00,00,3F,00,00,00,00,00,00,00,3F,00,3F,00,3F
00,38,3F,3F,00,00,00,00,30,3F,00,00,3F,3F,08,3F,3F,08,00,28,28,00,38,00,3F,00,00,00,00,00,00,00
00,00,00,3F,3F,3F,3F,08,08,00,3F,3F,00,30,00,00,00,10,3F,08,00,3F,00,3F,00,30,3F,3F,3F,3F,3F,3F
08,3F,3F,3F,00,00,00,00,08,3F,38,00,3F,38,00,3F,38,3F,00,00,3F,18,3F,3F,28,3F,3F,00,3F,00,3F,00
38,00,00,00,00,3F,00,3F,38,00,00,00,38,00,3F,10,3F,00,00,38,08,00,38,00,3F,00,00,00,08,00,00,00
3F,3F,3F,00,00,00,00,00,38,3F,3F,00,3F,3F,00,30,28,3F,08,00,3F,38,3F,3F,00,3F,3F,30,3F,3F,3F,3F
00,10,00,3F,3F,28,3F,3F,00,00,20,3F,00,00,30,00,00,00,18,3F,00,00,00,00,3F,00,00,00,08,00,00,00
38,00,00,00,00,3F,00,38,3F,20,08,00,3F,00,38,3F,3F,3F,00,00,3F,08,3F,3F,00,3F,3F,38,3F,3F,3F,3F
00,00,00,38,38,3F,38,3F,00,00,00,3F,38,00,3F,08,3F,00,00,10,3F,00,3F,08,3F,3F,3F,00,3F,30,3F,3F
3F,10,3F,00,08,00,00,00,08,3F,3F,00,00,3F,00,00,00,00,3F,18,00,28,00,00,00,00,00,00,00,00,00,00
08,3F,3F,3F,3F,00,3F,00,00,00,00,3F,00,00,3F,00,38,00,00,3F,28,00,3F,00,3F,38,3F,00,3F,3F,3F,3F
3F,38,3F,08,08,00,20,00,00,38,3F,3F,00,00,20,00,00,00,00,3F,00,00,3F,00,3F,3F,3F,00,3F,3F,3F,3F
3F,3F,3F,3F,3F,00,3F,00,00,00,00,3F,10,00,3F,00,3F,00,00,08,3F,00,3F,3F,08,3F,3F,3F,08,3F,00,3F
10,3F,3F,3F,3F,00,3F,08,08,00,00,30,3F,00,3F,3F,3F,38,00,00,3F,3F,00,3F,00,00,00,3F,00,00,00,00
38,00,3F,00,00,00,00,00,00,38,3F,3F,00,00,3F,00,3F,00,00,38,3F,00,3F,3F,00,38,3F,3F,00,3F,00,3F
00,00,00,00,00,3F,00,00,3F,3F,00,08,00,3F,00,00,00,00,00,3F,30,00,3F,08,08,3F,3F,3F,38,3F,00,3F
30,3F,3F,38,3F,00,3F,08,00,00,00,20,3F,00,08,3F,08,3F,3F,00,00,38,00,00,38,00,00,00,3F,00,3F,3F
3F,38,3F,08,00,00,3F,00,00,00,00,3F,3F,00,18,3F,08,3F,3F,00,00,38,00,00,3F,00,08,00,3F,00,3F,3F
3F,3F,3F,38,3F,00,3F,08,10,00,00,00,3F,38,00,38,00,28,3F,3F,00,00,38,00,38,3F,3F,10,38,3F,00,3F
00,00,00,00,00,3F,00,00,00,3F,3F,3F,00,00,3F,08,3F,00,00,00,18,3F,00,3F,30,00,00,00,3F,00,3F,3F
3F,30,3F,00,10,00,3F,00,00,00,00,38,3F,18,00,18,00,30,3F,3F,00,00,3F,00,00,3F,3F,3F,00,3F,00,00
00,00,00,00,00,38,00,00,00,38,28,3F,00,00,3F,3F,3F,3F,3F,00,00,38,08,00,3F,3F,3F,00,3F,3F,00,3F
30,3F,3F,3F,3F,08,38,3F,3F,00,08,00,00,3F,08,00,30,00,08,00,3F,18,00,3F,00,00,00,00,3F,00,3F,3F
08,3F,28,3F,3F,3F,00,3F,3F,3F,3F,00,00,00,3F,00,3F,08,00,00,00,3F,00,00,3F,00,3F,00,3F,3F,00,3F
38,00,38,00,00,00,3F,00,00,00,00,00,3F,3F,00,00,00,00,00,3F,3F,00,10,3F,00,00,00,00,3F,00,3F,3F
00,00,00,00,00,00,38,00,08,00,00,00,3F,3F,00,00,00,00,00,3F,3F,00,08,3F,00,00,00,00,3F,00,3F,3F
00,38,00,38,00,3F,00,00,00,3F,00,3F,3F,00,00,38,00,08,08,3F,3F,00,3F,3F,08,00,00,00,3F,00,3F,3F
10,3F,00,3F,00,3F,00,00,00,3F,08,3F,3F,00,00,20,00,00,00,3F,3F,00,38,3F,08,00,00,00,3F,00,3F,3F
3F,38,3F,3F,3F,3F,00,3F,3F,3F,3F,3F,00,00,08,3F,00,3F,3F,3F,20,00,3F,38,00,00,00,00,3F,00,3F,3F
3F,00,3F,08,3F,00,08,3F,3F,38,3F,00,00,00,3F,38,08,38,3F,30,00,00,3F,30,00,00,00,08,3F,00,3F,3F
3F,20,3F,3F,3F,3F,00,3F,38,3F,3F,38,00,00,08,3F,00,10,30,3F,38,00,20,3F,10,00,10,00,3F,3F,00,3F
3F,00,3F,00,3F,00,38,3F,3F,38,3F,00,00,00,30,3F,00,38,3F,3F,30,00,3F,3F,00,00,00,00,3F,38,00,3F
00,30,00,08,00,00,3F,00,08,00,08,00,00,3F,3F,00,3F,10,3F,00,00,00,3F,00,00,30,00,38,3F,00,3F,3F
20,00,3F,00,3F,00,30,3F,3F,3F,3F,3F,08,00,00,38,08,08,00,3F,3F,00,00,38,3F,00,3F,00,00,3F,00,00
3F,38,3F,3F,38,3F,00,00,00,3F,00,10,3F,3F,00,00,3F,00,00,00,00,3F,38,00,00,3F,00,3F,00,00,3F,3F
28,3F,00,3F,00,3F,00,00,00,00,00,00,18,3F,38,00,3F,10,3F,00,00,00,3F,3F,00,00,00,00,3F,3F,00,3F
08,3F,00,3F,00,38,38,00,30,00,08,00,00,30,3F,08,08,3F,3F,38,38,00,08,3F,3F,00,3F,00,00,3F,00,00
00,00,00,00,10,00,3F,3F,3F,3F,3F,08,00,00,00,3F,00,00,00,20,3F,3F,00,00,38,3F,00,3F,00,00,3F,3F
00,28,00,00,00,00,3F,20,3F,00,3F,00,00,00,00,3F,00,00,00,3F,3F,3F,00,00,3F,3F,00,3F,00,00,3F,3F
08,3F,00,30,00,10,3F,00,3F,00,3F,00,00,00,08,3F,00,00,00,38,3F,3F,08,00,30,3F,08,3F,00,00,3F,3F
00,38,00,00,00,00,3F,3F,3F,38,3F,38,38,00,00,3F,00,00,00,00,00,38,38,00,00,3F,00,08,3F,08,00,3F
00,10,00,00,00,00,3F,38,3F,3F,3F,3F,38,00,00,00,38,00,00,00,00,28,3F,00,00,00,08,00,3F,3F,00,00
3F,00,3F,3F,3F,3F,00,00,00,00,00,00,00,3F,3F,08,18,3F,3F,38,3F,00,00,28,3F,3F,38,3F,00,00,3F,3F
20,3F,00,3F,00,3F,3F,00,3F,00,3F,00,08,00,00,3F,00,00,00,00,00,18,3F,08,00,00,00,00,3F,3F,00,00
38,00,3F,3F,3F,3F,00,00,00,00,00,00,00,10,3F,3F,00,30,00,3F,38,3F,00,00,00,3F,00,38,3F,00,00,3F
00,30,08,00,28,00,38,3F,3F,3F,00,3F,3F,20,00,00,3F,10,3F,00,38,00,00,3F,3F,00,3F,3F,00,00,3F,3F
00,3F,00,00,00,00,3F,3F,3F,3F,20,3F,3F,00,00,00,3F,08,3F,00,10,00,00,3F,3F,00,3F,3F,00,00,3F,3F
3F,3F,00,3F,00,00,3F,00,3F,08,3F,3F,3F,00,00,00,3F,00,38,00,00,00,08,3F,3F,00,3F,38,00,00,3F,3F
3F,38,00,3F,00,30,3F,00,3F,00,3F,38,3F,00,00,00,3F,00,38,00,00,00,08,3F,3F,00,3F,3F,00,00,3F,3F
3F,00,3F,3F,00,3F,28,00,3F,00,3F,00,10,00,00,10,38,00,08,00,00,00,18,3F,3F,00,3F,3F,00,00,3F,3F
08,3F,08,00,20,00,28,3F,00,38,00,38,00,3F,3F,00,00,38,10,3F,3F,38,00,00,00,3F,00,00,3F,3F,00,00
END_TABLE
START_TABLE FREQ:62.64 TEMP:0.0
1F,1F,1F,1F,1F,1F,1F,1F,1F,1F,1F,1F,1F,1F,1F,1F,3F,3F,1F,1F,1F,1F,1F,1F,1F,1F,1F,1F,1F,1F,1F,1F
20,3F,3F,00,00,3F,3F,3F,00,00,3F,3F,20,38,00,3F,38,10,18,3F,00,38,00,38,00,3F,38,00,00,00,00,3F
3F,30,08,00,3F,3F,3F,10,00,18,3F,00,3F,3F,3F,28,3F,00,3F,3F,00,3F,38,3F,38,3F,08,00,00,08,00,3F
3F,38,30,00,00,3F,38,3F,08,00,3F,08,10,3F,00,00,3F,10,00,3F,00,18,00,18,00,3F,3F,08,30,00,00,00
3F,30,00,00,38,3F,3F,3F,00,00,3F,00,3F,38,00,00,3F,00,28,3F,00,20,00,30,00,3F,3F,08,38,00,00,00
00,3F,3F,3F,00,00,00,10,3F,18,00,30,08,00,00,00,00,38,00,00,3F,00,3F,00,3F,00,00,08,00,3F,3F,3F
18,3F,3F,00,00,38,00,3F,38,00,00,38,00,00,00,00,00,38,08,00,3F,00,3F,00,38,00,00,38,08,3F,3F,3F
3F,30,38,00,00,38,00,3F,30,00,10,3F,00,08,00,00,00,3F,00,00,3F,00,3F,00,3F,00,00,3F,08,3F,3F,3F
30,3F,3F,00,00,30,00,38,3F,00,00,38,00,00,00,00,00,00,20,00,3F,10,3F,30,3F,38,00,00,00,08,00,3F
18,3F,3F,00,00,3F,00,38,3F,00,00,3F,00,00,00,00,00,00,3F,00,3F,38,38,3F,3F,3F,10,00,08,00,00,00
00,08,00,3F,38,00,3F,00,00,30,3F,00,3F,38,00,3F,3F,3F,00,20,08,00,08,00,08,00,00,3F,30,3F,3F,3F
00,3F,3F,3F,00,00,00,00,30,3F,00,00,3F,00,3F,30,3F,00,00,38,00,00,00,00,08,00,00,00,38,3F,3F,3F
18,3F,3F,08,00,00,00,08,3F,3F,00,00,3F,00,3F,20,38,00,38,3F,00,08,00,00,00,00,28,3F,38,3F,3F,3F
00,08,00,3F,3F,00,3F,00,00,18,3F,00,08,3F,00,20,08,3F,00,00,3F,00,3F,20,3F,38,00,00,00,00,00,00
3F,00,00,00,08,3F,00,3F,3F,00,00,3F,00,00,38,00,00,00,3F,3F,00,3F,00,08,00,08,38,3F,3F,3F,3F,3F
3F,20,38,00,00,3F,00,38,00,3F,00,00,3F,00,3F,3F,3F,00,00,3F,00,00,00,00,3F,00,00,38,00,3F,00,3F
38,00,00,00,00,3F,00,3F,3F,00,00,00,38,00,3F,38,3F,00,00,3F,00,00,00,00,38,00,00,3F,00,38,00,3F
00,00,00,28,3F,3F,3F,3F,00,00,00,3F,00,00,38,00,08,00,3F,3F,00,00,00,00,00,00,00,38,00,3F,00,3F
18,3F,3F,38,00,00,08,00,00,3F,3F,00,00,38,00,00,00,38,38,00,3F,38,00,3F,00,38,3F,3F,3F,3F,3F,3F
3F,28,3F,00,00,00,00,00,00,38,38,00,3F,3F,00,00,00,38,20,00,38,3F,10,3F,00,38,3F,3F,3F,3F,3F,3F
38,00,00,00,00,38,00,10,3F,3F,08,00,3F,3F,00,3F,08,3F,00,00,3F,3F,10,3F,00,3F,3F,3F,3F,3F,3F,3F
00,00,00,00,00,3F,00,3F,3F,30,08,00,3F,18,00,3F,20,3F,00,00,3F,38,38,3F,00,3F,3F,3F,3F,3F,3F,3F
00,10,00,38,3F,38,10,3F,38,00,00,00,38,08,3F,3F,3F,3F,00,00,3F,10,3F,3F,00,3F,3F,38,3F,3F,3F,3F
08,3F,10,3F,3F,10,3F,20,28,00,00,38,38,00,38,38,3F,38,00,00,3F,00,38,3F,00,3F,3F,3F,3F,3F,3F,3F
08,00,00,00,00,3F,00,08,3F,38,38,00,00,3F,00,00,00,28,3F,08,00,38,08,00,20,00,00,00,08,00,00,00
00,3F,00,3F,3F,3F,08,3F,3F,00,00,00,3F,38,00,18,00,38,38,00,08,3F,00,00,00,00,00,38,00,00,00,00
18,00,08,00,00,3F,00,00,00,3F,3F,00,00,18,00,00,00,00,08,3F,00,00,3F,00,3F,38,3F,00,3F,30,3F,3F
38,00,3F,00,00,00,00,00,00,18,00,00,00,00,3F,00,3F,00,00,00,3F,08,30,3F,00,38,20,3F,00,3F,00,3F
00,3F,00,3F,38,3F,00,3F,3F,38,08,00,00,3F,00,00,00,00,3F,3F,08,00,3F,00,3F,38,3F,00,3F,3F,3F,3F
08,00,08,00,00,00,00,00,00,3F,3F,3F,00,00,3F,10,3F,18,00,00,3F,38,00,3F,00,00,00,38,00,08,00,00
00,20,00,08,00,3F,00,08,00,38,3F,10,00,00,3F,10,3F,00,00,00,3F,08,00,3F,00,00,00,3F,00,08,00,00
08,3F,00,3F,30,3F,00,38,28,3F,3F,00,00,00,3F,00,3F,00,00,00,3F,00,18,3F,00,08,00,3F,00,08,00,00
3F,00,3F,08,38,00,3F,20,3F,00,00,00,3F,38,00,00,00,00,3F,3F,00,00,3F,00,28,3F,3F,3F,08,3F,00,3F
00,28,00,08,00,38,00,00,00,3F,3F,3F,00,00,3F,3F,20,3F,38,00,00,3F,00,00,3F,00,30,00,3F,10,3F,3F
28,00,3F,00,00,00,3F,00,00,00,00,00,3F,38,00,20,00,00,38,3F,00,00,3F,38,00,3F,30,3F,00,38,00,00
08,00,00,00,00,08,10,00,00,00,00,3F,3F,00,00,38,00,00,3F,38,08,00,3F,18,00,3F,3F,3F,00,38,00,00
30,3F,08,3F,38,3F,00,38,10,3F,3F,08,00,00,3F,3F,38,3F,3F,00,00,3F,00,00,3F,38,3F,10,30,3F,00,3F
00,18,00,00,00,08,20,00,08,00,00,28,3F,30,00,00,00,00,00,38,3F,00,3F,3F,08,00,00,38,00,00,3F,00
00,10,08,00,00,00,38,00,08,00,00,00,3F,38,00,00,00,00,00,28,3F,10,00,3F,00,00,00,00,3F,00,3F,3F
00,3F,00,10,00,38,00,00,00,00,00,38,3F,18,00,00,00,00,00,3F,3F,00,00,3F,08,00,00,00,3F,00,3F,3F
28,3F,00,3F,00,3F,00,00,00,20,00,3F,3F,00,00,00,00,00,00,3F,3F,00,00,3F,00,00,00,00,3F,00,3F,3F
00,20,00,00,00,00,3F,00,38,00,00,00,00,3F,3F,00,3F,00,00,00,00,38,00,00,38,3F,3F,38,00,3F,00,00
38,00,3F,08,3F,00,00,3F,28,3F,3F,08,00,00,30,3F,00,28,3F,38,10,00,20,3F,00,00,00,00,3F,00,3F,3F
00,00,30,00,18,00,3F,38,3F,30,3F,00,00,00,3F,3F,00,3F,3F,3F,00,00,3F,3F,00,00,00,08,3F,00,3F,3F
3F,08,3F,3F,3F,3F,00,38,00,38,20,38,3F,00,00,08,00,00,00,38,3F,38,08,00,3F,00,3F,00,00,3F,00,00
30,00,3F,00,3F,00,00,3F,00,3F,3F,38,30,00,00,3F,00,00,00,3F,3F,38,00,00,3F,00,3F,00,00,3F,00,00
00,00,3F,00,38,00,08,3F,20,3F,3F,3F,30,00,00,3F,00,00,00,3F,3F,38,00,00,3F,00,3F,08,00,3F,08,00
3F,08,00,00,38,3F,00,00,00,00,00,38,3F,3F,18,00,3F,00,30,00,00,38,3F,10,00,3F,00,3F,38,00,3F,3F
10,3F,00,08,00,00,3F,00,3F,00,28,00,00,00,30,3F,00,38,30,3F,3F,00,00,28,3F,00,3F,00,00,3F,00,00
3F,3F,00,3F,00,38,3F,00,3F,00,00,00,00,20,38,3F,00,00,38,3F,3F,00,00,3F,3F,00,3F,00,00,3F,00,00
00,20,08,00,30,00,28,3F,08,3F,3F,3F,3F,00,00,00,3F,00,00,00,00,38,3F,00,00,3F,00,3F,38,00,3F,3F
20,00,3F,08,3F,08,00,38,00,10,00,30,3F,3F,20,00,3F,38,3F,00,08,00,38,3F,08,00,08,00,38,3F,00,00
3F,3F,08,3F,00,3F,3F,00,38,00,28,00,00,00,08,3F,00,10,00,3F,3F,3F,00,00,3F,3F,3F,3F,00,00,3F,3F
00,30,00,00,08,00,30,3F,38,3F,38,3F,3F,00,00,00,38,00,18,00,00,00,3F,18,00,08,08,00,38,3F,00,00
08,3F,00,08,00,00,3F,38,3F,3F,3F,3F,3F,00,00,00,3F,00,00,00,00,10,3F,28,08,00,00,00,30,3F,00,00
3F,3F,00,38,08,00,3F,08,3F,08,3F,18,28,00,00,28,00,00,00,00,00,30,3F,28,00,00,00,00,3F,3F,00,00
00,08,30,00,3F,00,00,38,00,10,00,00,08,3F,3F,00,08,38,3F,3F,3F,00,00,00,3F,3F,38,3F,00,00,3F,3F
38,00,3F,3F,08,3F,08,00,38,00,3F,00,00,00,00,3F,00,00,08,00,00,3F,3F,00,00,00,00,00,38,3F,00,00
10,3F,00,08,00,00,3F,3F,30,3F,00,3F,3F,30,00,00,3F,3F,3F,08,3F,00,08,38,3F,08,3F,3F,00,00,3F,3F
3F,3F,00,30,00,00,3F,3F,3F,3F,08,3F,3F,3F,38,00,38,38,3F,3F,3F,00,00,30,3F,38,38,3F,00,00,3F,3F
3F,08,08,3F,00,38,3F,00,3F,08,3F,30,3F,00,00,00,3F,18,38,00,00,00,00,3F,3F,00,3F,3F,00,00,3F,3F
00,3F,00,00,3F,00,00,3F,00,38,00,00,00,38,3F,3F,00,18,00,3F,20,3F,3F,00,00,3F,00,00,3F,3F,00,00
30,3F,00,10,08,00,28,3F,00,38,00,38,00,38,3F,08,00,3F,00,3F,38,38,30,00,00,3F,00,08,3F,3F,00,00
3F,38,00,3F,00,00,3F,3F,00,3F,00,3F,18,3F,3F,00,00,38,00,3F,3F,30,08,00,00,3F,00,00,3F,3F,00,00
END_TABLE
START_TABLE FREQ:64.80 TEMP:0.0
1F,1F,1F,1F,1F,1F,1F,1F,1F,1F,1F,1F,1F,1F,1F,1F,3F,3F,1F,1F,1F,1F,1F,1F,1F,1F,1F,1F,1F,1F,1F,1F
3F,38,38,00,08,3F,00,00,00,00,3F,3F,00,3F,00,3F,00,00,08,3F,00,3F,28,3F,3F,3F,00,00,00,3F,3F,3F
00,30,3F,3F,00,00,00,08,3F,08,00,30,00,00,00,00,00,3F,00,00,28,00,00,00,00,00,3F,38,3F,00,00,00
30,00,00,00,3F,38,3F,00,00,18,3F,00,38,3F,3F,30,3F,00,3F,38,00,3F,38,3F,3F,38,00,08,00,3F,3F,3F
30,3F,38,00,00,3F,18,3F,00,00,38,3F,00,30,00,10,38,3F,00,08,08,00,00,00,00,38,3F,08,38,00,00,00
00,08,10,3F,38,00,00,00,20,3F,00,00,3F,00,3F,08,00,00,3F,08,3F,3F,3F,3F,3F,18,00,00,00,3F,3F,3F
38,00,00,00,3F,3F,3F,20,00,00,3F,38,00,3F,00,3F,3F,20,00,08,08,00,00,28,00,20,3F,00,38,00,00,00
10,00,00,30,3F,00,3F,00,00,28,3F,00,3F,3F,08,3F,3F,00,00,3F,00,20,00,3F,00,3F,3F,00,38,00,00,00
00,00,00,3F,3F,00,3F,00,00,38,3F,00,3F,3F,08,3F,3F,38,00,28,00,00,00,10,00,3F,3F,18,3F,00,00,00
00,38,38,3F,08,00,00,00,08,3F,00,00,3F,38,3F,3F,3F,00,28,3F,00,38,00,30,00,3F,3F,00,38,00,00,00
08,00,00,3F,3F,20,3F,00,00,18,00,00,00,3F,00,38,30,3F,00,00,08,00,00,00,00,00,00,3F,38,3F,3F,3F
3F,30,38,00,00,30,00,3F,3F,00,00,00,3F,00,3F,00,00,00,3F,38,00,3F,00,3F,10,3F,3F,00,08,00,00,00
08,00,00,38,3F,38,3F,08,00,08,38,3F,00,30,00,08,00,3F,10,00,3F,08,3F,00,3F,28,00,00,00,18,00,3F
18,3F,3F,18,00,00,00,00,3F,38,10,00,3F,28,38,38,3F,10,00,10,00,00,08,00,08,00,00,3F,30,3F,3F,3F
08,3F,3F,3F,38,00,08,00,00,38,3F,00,08,3F,00,38,08,3F,00,00,38,00,3F,00,3F,00,00,00,00,10,00,3F
38,00,00,00,00,3F,08,3F,3F,00,00,00,3F,00,00,00,3F,00,00,3F,00,00,00,00,08,00,38,3F,3F,3F,3F,3F
38,3F,3F,08,00,00,00,00,20,3F,3F,00,28,3F,00,38,30,3F,00,00,3F,00,3F,00,3F,28,00,00,00,00,00,00
00,18,00,3F,3F,3F,3F,20,00,00,00,3F,00,00,3F,00,00,00,10,3F,00,10,00,30,00,00,10,3F,38,3F,3F,3F
30,00,00,00,00,38,00,38,3F,08,08,00,3F,10,10,3F,3F,3F,00,00,38,00,3F,00,3F,28,00,00,00,00,00,00
00,3F,10,3F,3F,00,3F,00,00,00,20,3F,08,00,38,00,00,00,08,3F,00,08,08,00,00,00,00,30,08,3F,00,3F
3F,00,38,00,00,00,00,00,00,3F,3F,00,00,38,00,00,00,00,3F,08,00,3F,00,38,00,20,3F,3F,3F,3F,3F,3F
10,00,00,00,00,38,00,28,3F,38,3F,00,18,3F,00,00,00,3F,3F,00,38,3F,00,3F,00,20,3F,3F,3F,3F,3F,3F
3F,28,3F,08,00,00,10,00,00,28,3F,38,00,00,08,00,00,00,00,3F,00,00,00,00,3F,00,00,08,08,00,00,00
38,00,30,00,00,00,08,00,00,38,3F,3F,00,00,20,00,00,00,00,3F,00,00,00,00,3F,00,00,00,00,00,00,00
00,00,00,00,00,28,00,08,00,3F,3F,00,00,38,08,00,00,00,30,3F,00,00,00,00,3F,00,00,08,08,00,00,00
3F,10,3F,00,00,00,28,00,00,00,00,3F,00,00,3F,08,3F,00,00,00,3F,00,3F,30,08,3F,3F,08,3F,3F,3F,3F
3F,28,3F,30,3F,00,3F,00,18,00,00,00,3F,00,20,3F,30,3F,28,00,30,3F,00,3F,00,00,08,3F,00,3F,00,3F
00,00,00,00,00,38,00,00,00,00,3F,3F,00,08,3F,00,3F,00,00,10,3F,00,3F,18,10,3F,3F,10,3F,3F,3F,3F
3F,00,3F,00,08,00,3F,00,00,00,00,18,3F,00,00,38,30,3F,3F,00,08,3F,00,18,08,00,00,28,00,00,00,00
28,3F,10,3F,3F,38,08,3F,3F,38,38,00,00,38,08,00,00,00,00,3F,00,00,3F,00,3F,30,3F,00,3F,38,3F,3F
3F,08,3F,30,3F,00,3F,3F,38,00,00,00,38,38,00,00,00,00,3F,3F,00,00,38,00,3F,30,3F,00,3F,38,3F,3F
28,00,38,00,00,00,3F,00,00,00,00,08,3F,00,00,38,00,38,3F,08,00,08,00,00,3F,00,3F,00,3F,30,3F,3F
00,00,08,00,00,10,08,00,00,00,08,3F,3F,00,00,3F,00,3F,3F,00,00,30,00,00,3F,08,3F,00,3F,10,3F,3F
00,3F,00,10,00,38,08,00,00,18,00,3F,3F,00,18,38,00,3F,3F,00,00,18,00,00,3F,08,3F,00,3F,18,3F,3F
18,3F,08,3F,28,3F,00,18,00,3F,38,3F,00,00,3F,3F,38,38,3F,00,00,38,00,00,3F,00,3F,00,3F,08,3F,3F
3F,28,3F,3F,3F,08,08,3F,3F,3F,3F,08,00,00,3F,00,3F,10,00,00,00,3F,00,00,38,00,00,00,3F,00,3F,3F
38,00,3F,00,3F,00,3F,38,3F,00,18,00,00,38,38,00,38,00,00,00,38,3F,00,18,28,00,00,00,3F,00,3F,3F
00,00,08,00,00,00,3F,00,3F,00,00,00,00,3F,00,00,3F,00,00,00,3F,38,00,38,08,00,00,00,3F,00,3F,3F
00,20,00,00,00,00,3F,00,00,00,00,00,00,3F,00,00,38,00,00,00,3F,3F,00,20,00,00,00,00,3F,00,3F,3F
3F,28,3F,3F,3F,38,00,38,00,3F,10,3F,3F,00,00,3F,00,38,28,3F,30,00,3F,3F,00,30,00,3F,00,00,3F,00
3F,38,30,3F,20,3F,00,08,00,3F,00,38,3F,3F,00,00,00,00,00,3F,3F,00,00,3F,00,00,00,00,3F,00,3F,3F
3F,00,3F,30,3F,38,00,3F,00,38,18,3F,3F,00,00,3F,00,00,00,3F,3F,00,00,3F,00,00,00,00,3F,00,3F,3F
00,00,3F,00,3F,08,08,3F,38,3F,3F,3F,3F,00,00,30,00,00,00,3F,3F,00,30,3F,00,00,00,00,3F,00,3F,3F
3F,28,18,3F,28,3F,00,00,00,00,00,00,00,38,08,00,3F,00,08,00,00,38,00,00,3F,3F,3F,3F,00,3F,00,00
08,38,00,00,00,00,3F,00,3F,00,3F,00,00,00,3F,38,00,3F,3F,3F,08,00,38,3F,00,10,00,08,3F,00,3F,3F
00,18,08,00,08,00,3F,30,3F,3F,3F,3F,38,00,00,38,00,00,00,3F,3F,00,08,3F,08,00,38,00,3F,3F,00,3F
3F,20,20,3F,00,3F,00,00,00,00,08,00,00,28,38,00,3F,38,3F,00,08,00,3F,3F,00,18,00,00,3F,00,3F,3F
08,3F,00,08,00,00,3F,28,3F,10,3F,30,3F,00,00,3F,00,00,00,38,00,30,00,10,3F,00,3F,08,08,3F,00,00
3F,3F,00,38,00,18,3F,00,3F,00,3F,00,00,00,00,38,00,38,00,3F,3F,08,00,38,3F,00,3F,00,00,3F,00,00
00,30,00,00,38,00,38,3F,00,3F,00,3F,3F,38,00,00,3F,00,08,00,00,28,3F,00,00,3F,00,3F,30,00,3F,3F
38,00,3F,30,38,3F,00,00,08,00,08,00,08,00,3F,3F,00,3F,38,3F,38,00,00,3F,18,00,3F,00,08,3F,00,00
08,00,3F,00,3F,28,00,28,00,08,00,08,00,38,3F,08,00,3F,3F,38,38,00,00,3F,00,00,3F,00,08,3F,00,00
3F,08,38,3F,00,3F,38,00,38,00,38,00,00,00,00,3F,00,00,00,08,18,3F,00,00,30,3F,08,3F,00,00,3F,3F
38,00,3F,20,3F,3F,08,00,00,00,28,00,00,00,08,3F,00,00,00,30,3F,3F,00,00,38,3F,10,3F,00,00,3F,3F
00,00,3F,00,3F,30,00,08,00,08,00,00,00,00,20,3F,00,00,08,38,3F,3F,00,00,38,3F,10,3F,00,00,3F,3F
00,18,18,00,3F,00,00,3F,00,08,00,00,00,08,3F,38,00,3F,00,3F,3F,38,00,00,3F,3F,38,3F,00,00,3F,3F
00,38,00,00,00,00,00,3F,00,38,00,00,00,3F,3F,3F,00,3F,00,3F,00,30,00,08,3F,38,18,3F,00,00,3F,3F
28,3F,00,38,00,00,3F,3F,00,3F,00,30,00,38,3F,08,00,3F,3F,3F,3F,08,00,10,3F,38,28,3F,00,00,3F,3F
3F,00,30,3F,00,3F,3F,00,3F,3F,3F,3F,3F,08,00,00,3F,10,3F,08,38,00,00,3F,3F,00,3F,10,00,08,3F,00
3F,00,30,3F,00,3F,3F,00,3F,38,30,3F,3F,38,18,00,3F,38,3F,38,3F,00,00,38,3F,00,3F,3F,00,00,3F,3F
08,3F,00,00,38,00,00,3F,00,00,00,00,00,00,08,3F,00,00,08,00,00,3F,3F,00,00,10,00,00,38,3F,00,00
3F,3F,00,28,00,00,18,3F,00,3F,00,00,00,10,3F,38,00,08,00,08,00,3F,3F,00,00,3F,00,00,3F,3F,00,00
3F,20,00,38,00,00,3F,3F,00,3F,00,38,00,38,38,3F,00,00,00,00,00,3F,3F,00,00,20,00,00,3F,3F,00,00
00,3F,08,00,3F,08,00,08,10,00,3F,00,3F,00,00,08,38,00,3F,08,00,00,00,3F,3F,08,3F,3F,00,00,3F,3F
END_TABLE
START_TABLE FREQ:66.96 TEMP:0.0
1F,1F,1F,1F,1F,1F,1F,1F,1F,1F,1F,1F,1F,1F,1F,1F,3F,3F,1F,1F,1F,1F,1F,1F,1F,1F,1F,1F,1F,1F,1F,1F
08,3F,3F,08,00,10,00,3F,3F,00,00,3F,00,00,08,00,00,3F,00,3F,00,00,00,3F,3F,3F,00,00,00,38,3F,3F
3F,38,38,00,00,3F,3F,3F,00,00,38,3F,00,3F,00,00,3F,3F,00,3F,00,30,20,3F,3F,3F,00,00,00,3F,3F,3F
00,38,3F,3F,00,00,00,00,3F,30,00,00,00,00,3F,00,00,10,00,00,38,00,00,00,00,00,3F,3F,38,00,00,00
38,00,00,08,3F,3F,3F,00,00,08,3F,38,30,3F,00,38,3F,00,10,3F,00,38,28,3F,3F,3F,00,00,00,38,3F,3F
08,00,00,3F,3F,08,3F,00,00,38,3F,00,3F,38,20,38,38,00,38,3F,00,38,38,3F,3F,38,00,00,00,3F,3F,3F
00,20,20,3F,3F,00,08,00,10,3F,38,00,3F,08,38,3F,3F,00,3F,3F,30,38,3F,3F,3F,38,00,00,00,3F,3F,3F
38,00,00,08,3F,38,3F,3F,08,00,38,3F,00,20,00,00,00,3F,00,00,08,00,00,00,00,00,3F,08,38,00,00,00
00,38,3F,3F,00,00,00,00,30,3F,00,00,3F,08,3F,18,38,00,3F,38,00,38,28,3F,3F,3F,00,00,00,08,00,3F
3F,18,08,00,00,3F,00,3F,3F,00,00,08,00,00,38,00,00,00,3F,08,3F,30,3F,00,3F,00,00,30,08,3F,3F,3F
30,00,00,00,18,3F,30,3F,08,00,00,38,00,00,00,00,00,00,30,00,3F,10,3F,00,3F,00,00,30,08,3F,3F,3F
00,00,00,38,3F,28,3F,10,08,00,10,3F,00,08,00,00,08,38,00,00,38,00,3F,00,38,00,00,3F,08,3F,3F,3F
3F,08,00,00,00,3F,00,3F,3F,00,00,00,3F,00,3F,10,3F,00,3F,28,00,18,08,3F,28,3F,38,00,08,00,00,00
08,3F,3F,3F,20,00,18,00,00,3F,3F,10,00,3F,00,00,00,3F,00,00,3F,00,08,00,30,00,00,3F,08,3F,3F,3F
3F,38,3F,00,00,00,00,00,38,3F,38,00,38,3F,00,3F,3F,38,00,00,00,00,08,00,00,00,00,3F,18,3F,3F,3F
00,38,30,3F,3F,00,00,08,00,08,30,3F,00,00,00,00,00,00,3F,00,38,3F,3F,3F,3F,3F,20,00,00,00,00,00
18,3F,3F,38,00,00,00,00,00,38,3F,38,00,3F,00,00,00,18,30,00,3F,38,3F,38,3F,38,00,00,00,00,00,00
3F,30,3F,00,00,00,08,00,08,3F,3F,00,00,3F,00,00,00,3F,00,00,3F,30,3F,08,3F,30,00,00,08,00,00,00
00,3F,08,3F,3F,08,3F,10,00,00,00,20,3F,00,3F,10,38,00,00,3F,00,00,00,00,00,00,00,3F,28,3F,3F,3F
00,00,00,00,08,3F,00,3F,3F,28,00,00,38,3F,00,38,00,3F,08,00,3F,00,3F,00,3F,18,00,00,00,00,00,00
10,3F,3F,3F,38,00,3F,00,00,00,00,38,00,00,3F,18,38,00,08,38,00,00,08,00,18,00,00,38,00,30,00,3F
18,00,00,00,00,38,00,18,3F,3F,3F,00,00,28,00,00,00,08,3F,10,00,3F,00,3F,00,38,3F,3F,3F,3F,3F,3F
00,00,00,00,00,3F,00,3F,3F,3F,38,00,00,3F,00,00,00,00,3F,20,00,38,00,3F,00,10,3F,3F,3F,3F,3F,3F
3F,00,3F,00,00,00,00,00,00,28,38,3F,00,00,3F,00,38,00,00,30,00,00,00,00,3F,00,00,00,00,00,00,00
00,10,00,38,30,3F,00,3F,3F,38,38,00,00,38,00,00,00,00,3F,3F,00,38,00,18,00,00,00,3F,00,38,00,3F
00,08,00,18,00,3F,00,18,10,3F,3F,30,00,00,38,00,18,00,00,38,08,00,08,00,3F,00,00,00,08,00,00,00
00,3F,00,3F,3F,3F,08,3F,3F,18,3F,00,00,38,00,00,00,00,30,3F,08,00,00,00,30,00,00,08,00,00,00,00
00,00,00,00,00,30,08,00,00,38,28,3F,00,00,38,28,3F,08,00,00,3F,30,3F,30,28,3F,3F,20,3F,3F,3F,3F
00,38,00,38,20,3F,00,3F,28,3F,3F,28,00,00,3F,00,3F,10,00,30,38,00,3F,08,38,3F,3F,08,3F,3F,3F,3F
08,00,10,00,00,00,38,00,00,00,00,08,3F,00,00,3F,00,3F,3F,00,00,3F,00,28,00,00,00,38,00,00,00,00
3F,38,3F,3F,3F,00,3F,3F,3F,00,30,00,00,38,00,00,18,00,00,38,30,00,3F,00,3F,38,3F,00,3F,3F,3F,3F
00,3F,00,38,18,3F,00,08,00,38,20,3F,18,00,38,38,10,3F,38,00,00,3F,00,3F,00,00,00,3F,00,00,00,00
08,00,00,00,08,00,38,00,08,00,00,08,3F,3F,00,00,00,08,3F,3F,00,00,38,00,3F,18,3F,00,3F,38,3F,3F
00,38,00,08,00,3F,00,00,00,08,00,18,3F,00,00,30,00,28,3F,38,08,00,08,00,3F,08,3F,00,3F,20,3F,3F
30,00,3F,00,38,00,3F,18,00,08,3F,00,00,18,38,00,3F,00,00,00,3F,3F,08,3F,00,00,00,38,00,08,00,00
00,08,00,00,00,00,38,00,00,00,00,00,08,3F,00,00,30,00,00,28,3F,00,3F,3F,00,30,00,3F,00,10,00,00
00,3F,00,08,00,18,08,00,00,00,00,00,38,3F,00,00,00,00,00,38,3F,00,3F,3F,00,30,00,3F,00,10,00,00
08,00,10,00,00,00,3F,00,38,00,28,00,00,20,3F,08,3F,00,08,00,00,3F,00,18,10,00,00,00,3F,00,3F,3F
00,20,00,00,00,00,38,00,00,00,00,00,00,38,3F,00,3F,10,00,00,00,3F,00,30,10,00,00,00,3F,00,3F,3F
08,3F,00,38,00,3F,00,00,00,08,00,08,10,3F,18,00,3F,00,00,00,38,3F,00,3F,00,00,00,00,3F,00,3F,3F
00,08,00,00,00,00,3F,10,3F,00,3F,10,00,00,38,3F,00,38,3F,00,00,00,3F,00,3F,3F,3F,3F,00,3F,00,00
00,38,00,00,00,00,3F,00,38,00,28,00,00,00,3F,38,08,3F,3F,00,00,00,3F,00,30,3F,3F,3F,00,3F,00,00
00,00,38,00,38,00,20,3F,38,3F,38,3F,38,00,00,08,00,00,08,3F,3F,20,00,3F,00,00,00,00,3F,00,3F,3F
38,00,3F,18,3F,38,00,3F,00,38,00,38,3F,10,00,00,30,00,00,00,08,3F,00,00,3F,00,3F,08,30,3F,00,3F
00,3F,00,00,00,00,3F,00,00,00,3F,00,08,00,00,3F,00,38,20,3F,00,00,30,3F,00,00,00,00,3F,00,3F,3F
3F,00,3F,3F,30,3F,00,00,00,00,00,00,00,3F,3F,00,38,38,3F,00,10,00,3F,00,00,3F,00,3F,00,00,3F,00
00,18,08,00,38,00,38,3F,38,3F,00,3F,3F,08,00,00,3F,00,00,00,00,3F,08,00,3F,20,3F,3F,00,3F,00,00
28,00,3F,28,3F,38,00,08,00,08,00,00,00,28,3F,08,28,3F,3F,00,00,00,3F,28,00,30,00,08,38,00,3F,3F
3F,3F,00,3F,00,08,3F,00,3F,00,3F,18,00,00,00,38,00,00,00,38,3F,3F,00,00,3F,08,3F,28,00,38,00,00
3F,00,30,3F,00,3F,00,00,10,00,3F,00,00,00,00,3F,00,00,00,3F,3F,20,00,38,3F,00,3F,00,00,3F,00,00
18,00,00,00,3F,3F,00,00,00,00,00,00,00,00,38,3F,00,10,10,3F,3F,08,00,3F,3F,00,3F,00,00,3F,00,00
00,00,3F,00,00,00,00,10,00,08,00,00,00,20,3F,38,00,38,28,3F,3F,00,00,38,38,00,3F,20,00,3F,00,00
00,38,30,00,3F,00,00,3F,00,28,00,00,08,3F,3F,30,00,3F,3F,3F,3F,00,00,3F,38,00,00,08,00,3F,00,00
10,00,3F,10,38,3F,00,00,30,00,38,00,00,00,00,3F,00,00,00,00,00,3F,08,00,18,3F,00,3F,28,00,3F,3F
00,00,3F,00,3F,3F,00,00,00,00,3F,00,00,00,00,3F,00,00,00,08,00,3F,08,00,08,3F,00,3F,38,00,3F,3F
00,38,08,00,3F,00,00,30,00,00,08,00,08,00,10,3F,00,00,00,38,38,3F,00,00,3F,3F,00,3F,28,00,3F,3F
00,20,30,00,3F,18,00,08,00,00,30,00,00,00,00,38,08,00,00,00,00,38,38,00,00,3F,00,10,3F,00,08,3F
00,3F,00,00,3F,00,00,3F,00,20,00,00,00,00,08,3F,00,00,00,00,00,3F,10,00,00,3F,00,38,3F,00,3F,3F
00,38,38,00,3F,20,00,08,00,00,00,08,08,00,00,20,08,00,00,00,00,08,3F,18,00,00,00,00,30,3F,00,00
20,00,3F,38,00,3F,3F,00,3F,00,18,3F,3F,3F,38,00,20,3F,3F,38,3F,00,00,38,3F,00,3F,3F,00,00,3F,3F
3F,3F,00,10,00,00,08,3F,00,20,00,00,00,00,00,3F,08,00,00,00,00,38,3F,00,00,18,00,00,38,3F,00,00
00,10,3F,00,3F,38,00,00,38,00,3F,30,3F,00,00,00,3F,30,3F,08,38,00,08,3F,3F,00,30,3F,00,00,3F,3F
3F,00,08,3F,00,00,3F,38,00,3F,00,00,00,3F,10,3F,00,00,00,00,00,38,3F,00,00,20,00,00,38,3F,00,00
08,00,3F,38,00,3F,3F,08,3F,3F,00,3F,08,3F,3F,38,00,08,00,30,08,3F,10,00,00,38,00,08,3F,3F,00,00
END_TABLE
START_TABLE FREQ:69.12 TEMP:0.0
1F,1F,1F,1F,1F,1F,1F,1F,1F,1F,1F,1F,1F,1F,1F,1F,3F,3F,1F,1F,1F,1F,1F,1F,1F,1F,1F,1F,1F,1F,1F,1F
3F,08,00,00,3F,3F,3F,08,00,30,3F,00,3F,3F,28,3F,38,00,3F,08,3F,3F,38,00,00,00,38,3F,3F,00,00,00
08,3F,3F,00,00,30,00,3F,3F,00,00,3F,00,08,00,00,08,3F,00,10,00,00,00,3F,38,3F,00,00,08,30,3F,3F
3F,3F,3F,00,00,3F,10,3F,00,00,00,3F,00,28,08,00,30,3F,00,20,00,20,08,3F,38,3F,00,00,00,38,3F,3F
3F,00,00,00,3F,3F,3F,28,00,00,38,3F,00,3F,00,20,3F,38,00,3F,00,3F,38,3F,3F,3F,00,00,08,3F,3F,3F
3F,00,00,08,3F,3F,3F,18,00,08,3F,38,00,3F,00,30,3F,38,00,38,00,38,30,3F,3F,3F,08,00,00,38,3F,3F
00,00,00,3F,3F,08,3F,00,00,3F,3F,08,3F,38,00,38,3F,18,08,3F,00,38,38,3F,3F,38,00,00,00,38,3F,3F
20,00,00,00,3F,3F,3F,10,00,00,3F,3F,00,38,08,00,00,38,00,00,00,00,00,38,00,38,3F,00,00,00,00,3F
00,3F,3F,3F,00,00,00,00,38,3F,00,00,3F,00,3F,30,3F,00,3F,38,00,3F,3F,3F,3F,38,08,00,00,3F,3F,3F
00,00,00,3F,3F,20,3F,00,00,10,3F,30,00,38,00,00,08,3F,00,18,00,00,00,10,00,00,3F,18,3F,00,00,00
00,38,00,3F,3F,00,3F,00,00,28,3F,10,00,38,00,00,00,3F,00,08,00,00,00,10,00,00,3F,38,3F,00,00,00
00,3F,38,3F,00,00,00,00,08,3F,3F,00,3F,38,00,28,3F,38,00,3F,00,00,08,18,00,30,3F,10,38,00,00,00
00,00,00,30,3F,38,3F,3F,08,00,00,3F,08,00,18,00,00,00,3F,00,00,20,3F,00,3F,00,00,30,00,3F,3F,3F
3F,00,20,00,00,3F,00,38,3F,08,08,00,3F,00,38,3F,3F,00,08,3F,00,08,00,3F,00,3F,3F,08,38,00,00,00
38,3F,3F,10,00,00,08,00,10,3F,3F,00,28,3F,00,38,10,3F,00,00,18,00,00,00,08,00,08,3F,38,3F,3F,3F
00,08,00,20,3F,3F,3F,38,10,00,00,30,00,00,3F,00,18,00,38,3F,00,38,08,3F,08,38,3F,00,3F,00,00,00
00,3F,00,3F,3F,08,3F,00,00,00,00,3F,00,00,3F,00,00,00,3F,38,00,3F,30,3F,00,3F,3F,00,3F,00,00,00
00,00,00,00,00,3F,08,3F,3F,00,00,00,3F,08,00,3F,00,3F,00,08,00,00,00,00,00,00,00,3F,08,3F,3F,3F
00,3F,00,3F,3F,3F,3F,3F,38,00,00,00,3F,00,38,3F,3F,08,00,20,00,00,00,00,00,00,00,3F,28,3F,3F,3F
08,3F,08,3F,3F,28,3F,10,08,00,00,3F,30,00,3F,38,3F,08,00,38,00,00,00,00,00,00,00,3F,08,3F,3F,3F
00,00,00,00,08,3F,00,3F,3F,10,10,00,38,3F,00,00,00,3F,00,00,3F,08,3F,10,3F,3F,30,00,08,00,00,00
3F,00,3F,00,00,08,00,00,00,38,3F,3F,00,00,3F,00,18,00,38,3F,00,08,00,18,00,00,10,3F,38,3F,3F,3F
00,00,00,00,00,3F,00,10,38,3F,00,10,00,3F,00,00,00,00,3F,38,00,3F,00,3F,00,00,3F,3F,00,00,3F,3F
00,38,00,3F,3F,3F,00,3F,3F,08,30,00,20,3F,00,00,08,30,3F,00,08,38,08,3F,08,38,3F,3F,3F,3F,3F,3F
08,00,00,00,00,20,00,00,00,3F,38,3F,08,00,3F,00,3F,00,00,3F,00,00,00,00,3F,00,00,00,00,00,00,00
3F,38,3F,38,3F,00,3F,20,28,00,00,00,3F,28,00,38,00,38,38,00,20,3F,18,3F,00,38,3F,38,3F,3F,3F,3F
3F,00,3F,00,00,00,3F,00,08,00,00,30,3F,00,00,3F,10,3F,00,00,38,3F,3F,3F,08,3F,3F,3F,3F,3F,3F,3F
3F,3F,3F,3F,3F,08,3F,3F,3F,08,28,00,00,3F,08,00,00,00,38,38,00,00,00,00,30,00,00,00,00,00,00,00
3F,00,3F,00,3F,00,3F,18,20,00,00,00,38,3F,00,00,00,08,3F,28,08,18,00,00,08,00,00,20,00,00,00,00
3F,3F,00,3F,3F,3F,00,38,3F,38,3F,08,00,00,3F,00,3F,00,00,3F,3F,00,3F,18,38,3F,3F,10,3F,3F,3F,3F
3F,38,3F,3F,3F,08,20,3F,3F,00,3F,00,00,28,3F,00,3F,00,00,00,3F,00,3F,00,20,3F,3F,08,3F,3F,3F,3F
00,3F,00,38,08,3F,00,00,00,38,00,3F,38,00,00,3F,00,38,38,00,00,3F,00,20,08,00,00,18,00,00,00,00
00,00,08,00,00,00,3F,00,08,00,00,00,28,3F,00,00,00,00,10,3F,00,00,3F,00,3F,3F,00,08,3F,38,3F,3F
08,3F,00,08,00,38,00,00,00,00,00,08,3F,3F,00,00,00,00,38,3F,00,00,38,00,3F,38,3F,00,3F,3F,3F,3F
3F,3F,00,3F,00,3F,08,00,00,38,00,30,3F,08,00,00,00,00,3F,38,00,00,30,00,3F,3F,3F,00,3F,38,3F,3F
3F,10,38,3F,3F,3F,00,38,18,3F,18,3F,38,00,00,30,00,3F,3F,08,00,30,00,00,3F,08,3F,00,3F,3F,3F,3F
00,3F,00,10,00,38,30,00,00,00,00,00,00,3F,00,00,3F,00,00,08,3F,10,18,3F,00,00,00,3F,00,00,00,00
00,00,38,00,30,00,3F,3F,3F,18,3F,20,00,00,30,3F,08,3F,3F,00,00,38,00,00,3F,08,3F,00,3F,38,3F,3F
3F,00,3F,3F,3F,3F,00,38,00,30,00,3F,3F,20,00,00,00,00,00,38,3F,00,3F,38,00,38,00,3F,00,18,00,00
00,00,38,00,38,00,3F,3F,3F,38,3F,10,08,00,00,3F,00,18,3F,38,00,00,38,00,00,3F,3F,3F,00,3F,00,00
3F,30,3F,3F,3F,3F,00,08,00,30,00,10,38,3F,08,00,38,00,08,00,3F,3F,00,3F,00,00,00,00,3F,00,3F,3F
3F,00,3F,3F,38,3F,00,08,08,20,00,10,08,3F,3F,00,3F,00,08,00,20,3F,00,30,38,00,38,00,3F,3F,3F,3F
3F,38,00,3F,00,3F,08,00,08,00,10,00,00,08,3F,30,18,3F,3F,00,00,08,20,00,38,3F,3F,3F,00,38,00,00
3F,00,3F,3F,38,3F,08,00,00,00,00,00,00,38,3F,00,3F,3F,38,00,00,20,10,00,3F,3F,3F,3F,00,3F,00,00
08,00,3F,00,3F,08,00,3F,00,3F,00,20,08,3F,30,00,3F,00,00,00,00,3F,00,00,3F,30,3F,3F,00,38,00,00
00,00,3F,00,3F,00,00,3F,08,3F,00,38,28,3F,38,00,3F,00,00,00,00,38,00,00,3F,3F,3F,3F,00,38,00,00
00,3F,00,00,00,00,38,3F,3F,3F,08,3F,3F,18,00,00,3F,00,00,00,00,3F,00,00,3F,20,3F,30,00,3F,00,00
00,00,3F,00,3F,38,00,08,00,10,00,00,00,3F,3F,28,08,3F,3F,10,00,00,3F,20,00,10,00,10,3F,00,3F,3F
00,08,3F,3F,38,3F,08,00,00,00,38,00,08,00,00,3F,00,00,00,3F,3F,00,08,3F,3F,00,3F,00,3F,3F,00,00
38,00,3F,3F,10,3F,00,00,00,00,38,00,00,00,00,3F,00,00,00,3F,3F,3F,00,18,00,08,3F,08,00,3F,00,00
00,00,3F,00,3F,38,00,00,00,00,38,00,00,00,00,3F,00,08,00,38,3F,30,00,20,3F,00,3F,08,00,38,00,00
00,38,38,00,3F,00,00,3F,00,10,08,00,00,08,18,3F,00,00,00,3F,3F,20,00,30,3F,00,3F,00,00,3F,00,00
00,3F,00,00,38,00,00,3F,00,38,00,00,00,28,38,3F,00,18,08,3F,3F,30,00,38,3F,00,3F,08,00,3F,00,00
00,00,3F,08,3F,3F,00,00,08,00,3F,08,30,00,00,00,38,00,00,00,00,38,38,00,00,3F,00,38,3F,00,3F,3F
3F,00,00,3F,08,08,3F,10,3F,3F,00,3F,20,3F,3F,00,00,3F,38,3F,3F,00,00,3F,38,00,3F,08,08,3F,00,00
08,3F,00,00,3F,00,00,38,00,10,00,00,08,00,00,3F,08,00,00,08,00,3F,00,00,00,3F,00,38,3F,00,3F,3F
08,00,3F,3F,18,3F,3F,00,3F,00,38,3F,3F,38,3F,00,38,3F,3F,08,38,00,08,3F,38,00,3F,00,00,3F,00,00
00,3F,30,00,3F,00,08,18,08,00,38,00,08,00,00,00,3F,08,10,00,00,00,3F,28,00,00,00,00,3F,3F,00,00
3F,00,10,3F,00,10,3F,30,30,3F,00,38,00,3F,3F,3F,00,30,00,38,38,3F,00,00,18,3F,00,3F,30,00,3F,3F
00,00,3F,30,10,3F,3F,00,3F,08,38,3F,3F,3F,3F,00,00,3F,30,3F,3F,20,00,10,3F,38,3F,3F,08,00,3F,3F
08,08,3F,00,30,3F,3F,00,3F,00,3F,38,3F,38,3F,00,00,3F,10,3F,3F,38,00,00,38,3F,00,3F,38,00,3F,3F
3F,00,08,3F,00,00,3F,3F,08,38,00,00,00,18,00,38,08,00,00,00,00,30,3F,00,00,00,00,00,38,3F,00,00
38,3F,00,00,38,00,00,10,00,00,38,00,18,00,08,00,3F,30,3F,00,30,00,00,3F,3F,00,30,3F,08,00,3F,3F
00,08,3F,08,00,3F,3F,00,3F,20,00,3F,00,38,38,3F,00,00,00,00,00,3F,3F,00,00,18,08,00,3F,3F,00,00
END_TABLE